                   t              thetad               theta               delta            tau_wall               u_tau                  cf                 dx+                 dz+             dy+_min             dy+_max
  0.250000000000E+00  0.525436175963E+00  0.872671986733E+00  0.210696961430E+01  0.298217443237E+00  0.104135827952E-01  0.216885413263E-03  0.178983454292E+02  0.119322302861E+02  0.857923355541E+00  0.364465634233E+02
  0.500000000000E+00  0.463043222167E+00  0.771248753998E+00  0.186211721047E+01  0.339742469272E+00  0.111149771074E-01  0.247085432198E-03  0.191038669034E+02  0.127359112689E+02  0.915707748655E+00  0.389013777547E+02
  0.750000000000E+00  0.401791128015E+00  0.692261902760E+00  0.167142640196E+01  0.379218055258E+00  0.117429755445E-01  0.275794949279E-03  0.201832392171E+02  0.134554928114E+02  0.967445420214E+00  0.410993134045E+02
  0.100000000000E+01  0.343464446281E+00  0.630748463919E+00  0.152291603613E+01  0.416561615772E+00  0.123075972956E-01  0.302953902380E-03  0.211536828518E+02  0.141024552345E+02  0.101396180144E+01  0.430754365952E+02
  0.125000000000E+01  0.289511632742E+00  0.582839446132E+00  0.140725165932E+01  0.451182192351E+00  0.128088349105E-01  0.328132503528E-03  0.220151850024E+02  0.146767900016E+02  0.105525627857E+01  0.448297212522E+02
  0.150000000000E+01  0.240923269440E+00  0.545515941232E+00  0.131715880316E+01  0.482355688195E+00  0.132439445950E-01  0.350804136869E-03  0.227630297726E+02  0.151753531817E+02  0.109110280400E+01  0.463525643527E+02
  0.175000000000E+01  0.198227064166E+00  0.516460189079E+00  0.124700473610E+01  0.509717287238E+00  0.136143946180E-01  0.370703481627E-03  0.233997407496E+02  0.155998271664E+02  0.112162234114E+01  0.476491047005E+02
  0.200000000000E+01  0.161502454330E+00  0.493844309035E+00  0.119237807511E+01  0.533253904104E+00  0.139251754238E-01  0.387821021166E-03  0.239338952596E+02  0.159559301731E+02  0.114722602788E+01  0.487368083825E+02
  0.225000000000E+01  0.130481990015E+00  0.476231241955E+00  0.114983108950E+01  0.553187917877E+00  0.141830618297E-01  0.402318485729E-03  0.243771375198E+02  0.162514250132E+02  0.116847200777E+01  0.496393866242E+02
  0.250000000000E+01  0.104684260099E+00  0.462515412304E+00  0.111669295290E+01  0.569862231870E+00  0.143952294101E-01  0.414445259542E-03  0.247418005487E+02  0.164945336991E+02  0.118595144076E+01  0.503819532634E+02
  0.275000000000E+01  0.835065871826E-01  0.451836115151E+00  0.109088373460E+01  0.583668495293E+00  0.145685651043E-01  0.424486178395E-03  0.250397212730E+02  0.166931475153E+02  0.120023170753E+01  0.509886119411E+02
  0.300000000000E+01  0.663055645789E-01  0.443521958005E+00  0.107078247009E+01  0.595006850115E+00  0.147093890871E-01  0.432732254629E-03  0.252817624934E+02  0.168545083289E+02  0.121183349590E+01  0.514814826775E+02
  0.325000000000E+01  0.524551327898E-01  0.437050437349E+00  0.105512710082E+01  0.604261256301E+00  0.148233385554E-01  0.439462731855E-03  0.254776131421E+02  0.169850754281E+02  0.122122122654E+01  0.518802951329E+02
  0.350000000000E+01  0.413804280466E-01  0.432014559509E+00  0.104293461391E+01  0.611783794831E+00  0.149153221381E-01  0.444933668968E-03  0.256357099249E+02  0.170904732833E+02  0.122879929698E+01  0.522022290483E+02
  0.375000000000E+01  0.325745492506E-01  0.428097067574E+00  0.103343912794E+01  0.617886044088E+00  0.149895241490E-01  0.449371668428E-03  0.257632446311E+02  0.171754964207E+02  0.123491243205E+01  0.524619291293E+02
  0.400000000000E+01  0.256036829157E-01  0.425050716169E+00  0.102604401988E+01  0.622836124970E+00  0.150494472864E-01  0.452971727251E-03  0.258662375235E+02  0.172441583490E+02  0.123984920166E+01  0.526716544918E+02
  0.425000000000E+01  0.201047517636E-01  0.422682909461E+00  0.102028462002E+01  0.626859738665E+00  0.150979798608E-01  0.455897991756E-03  0.259496528858E+02  0.172997685905E+02  0.124384755937E+01  0.528415139521E+02
  0.450000000000E+01  0.157789209962E-01  0.420843661071E+00  0.101579907014E+01  0.630143620770E+00  0.151374745194E-01  0.458286269651E-03  0.260175343302E+02  0.173450228868E+02  0.124710132810E+01  0.529797415541E+02
  0.475000000000E+01  0.123833223936E-01  0.419416174872E+00  0.101230558269E+01  0.632840184187E+00  0.151698287182E-01  0.460247406681E-03  0.260731431095E+02  0.173820954063E+02  0.124976682982E+01  0.530929782166E+02
  0.500000000000E+01  0.972246710584E-02  0.418309496996E+00  0.100958471876E+01  0.635072507429E+00  0.151965607045E-01  0.461870914494E-03  0.261190887109E+02  0.174127258073E+02  0.125196914537E+01  0.531865376623E+02
  0.525000000000E+01  0.764016339513E-02  0.417452792921E+00  0.100746558747E+01  0.636939149229E+00  0.152188776223E-01  0.463228472167E-03  0.261574459134E+02  0.174382972756E+02  0.125380772537E+01  0.532646447821E+02
  0.550000000000E+01  0.601232773588E-02  0.416790892875E+00  0.100581510148E+01  0.638518510396E+00  0.152377343865E-01  0.464377098469E-03  0.261898559769E+02  0.174599039846E+02  0.125536124050E+01  0.533306416889E+02
  0.575000000000E+01  0.474081892873E-02  0.416280824670E+00  0.100452961204E+01  0.639872625442E+00  0.152538832664E-01  0.465361909412E-03  0.262176118642E+02  0.174784079095E+02  0.125669166649E+01  0.533871612545E+02
  0.600000000000E+01  0.374827972768E-02  0.415889114774E+00  0.100352839592E+01  0.641050365911E+00  0.152679148533E-01  0.466218447936E-03  0.262417286541E+02  0.174944857694E+02  0.125784765923E+01  0.534362704929E+02
  0.625000000000E+01  0.297389721376E-02  0.415589687085E+00  0.100274858391E+01  0.642090092285E+00  0.152802914333E-01  0.466974612571E-03  0.262630009009E+02  0.175086672673E+02  0.125886730417E+01  0.534795873624E+02
  0.650000000000E+01  0.236996313682E-02  0.415362226822E+00  0.100214121161E+01  0.643021817275E+00  0.152913738877E-01  0.467652230745E-03  0.262820488694E+02  0.175213659130E+02  0.125978033253E+01  0.535183749137E+02
  0.675000000000E+01  0.189911002669E-02  0.415190906482E+00  0.100166814385E+01  0.643868951533E+00  0.153014432062E-01  0.468268328388E-03  0.262993555107E+02  0.175329036738E+02  0.126060989367E+01  0.535536165846E+02
  0.700000000000E+01  0.153210634665E-02  0.415063393648E+00  0.100129967952E+01  0.644649701227E+00  0.153107175917E-01  0.468836146347E-03  0.263152958608E+02  0.175435305738E+02  0.126137396422E+01  0.535860760642E+02
  0.725000000000E+01  0.124610726181E-02  0.414970078272E+00  0.100101268620E+01  0.645378180445E+00  0.153193660021E-01  0.469365949415E-03  0.263301603162E+02  0.175534402108E+02  0.126208646379E+01  0.536163446898E+02
  0.750000000000E+01  0.102327269310E-02  0.414903470871E+00  0.100078914737E+01  0.646065292981E+00  0.153275188407E-01  0.469865667622E-03  0.263441730074E+02  0.175627820049E+02  0.126275813566E+01  0.536448788603E+02
  0.775000000000E+01  0.849679060893E-03  0.414857733813E+00  0.100061503094E+01  0.646719429320E+00  0.153352763774E-01  0.470341403142E-03  0.263575062736E+02  0.175716708491E+02  0.126339724057E+01  0.536720295115E+02
  0.800000000000E+01  0.714464434195E-03  0.414828316259E+00  0.100047940804E+01  0.647347016535E+00  0.153427153758E-01  0.470797830208E-03  0.263702920522E+02  0.175801947015E+02  0.126401010270E+01  0.536980653086E+02
  0.825000000000E+01  0.609158305561E-03  0.414811669841E+00  0.100037376673E+01  0.647952951581E+00  0.153498943032E-01  0.471238510241E-03  0.263826308337E+02  0.175884205558E+02  0.126460153886E+01  0.537231908814E+02
  0.850000000000E+01  0.527156892989E-03  0.414805027217E+00  0.100029147748E+01  0.648540942383E+00  0.153568574245E-01  0.471666139915E-03  0.263945986984E+02  0.175963991323E+02  0.126517519584E+01  0.537475611531E+02
  0.875000000000E+01  0.463312844777E-03  0.414806229603E+00  0.100022737682E+01  0.649113776087E+00  0.153636380172E-01  0.472082746245E-03  0.264062528420E+02  0.176041685613E+02  0.126573381518E+01  0.537712925916E+02
  0.900000000000E+01  0.413614689109E-03  0.414813592454E+00  0.100017744316E+01  0.649673529770E+00  0.153702608929E-01  0.472489839833E-03  0.264176359097E+02  0.176117572731E+02  0.126627944101E+01  0.537944720358E+02
  0.925000000000E+01  0.374936568040E-03  0.414825800850E+00  0.100013854425E+01  0.650221735718E+00  0.153767443737E-01  0.472888535068E-03  0.264287793923E+02  0.176191862615E+02  0.126681358279E+01  0.538171636106E+02
  0.950000000000E+01  0.344842949643E-03  0.414841828016E+00  0.100010824045E+01  0.650759510826E+00  0.153831018367E-01  0.473279644237E-03  0.264397062818E+02  0.176264708546E+02  0.126733734258E+01  0.538394141351E+02
  0.975000000000E+01  0.321436306962E-03  0.414860871874E+00  0.100008463164E+01  0.651287657706E+00  0.153893429207E-01  0.473663751059E-03  0.264504331449E+02  0.176336220966E+02  0.126785151449E+01  0.538612573437E+02
  0.100000000000E+02  0.303238350067E-03  0.414882305619E+00  0.100006623780E+01  0.651806743492E+00  0.153954744648E-01  0.474041267994E-03  0.264609717364E+02  0.176406478243E+02  0.126835666195E+01  0.538827171734E+02
  0.102500000000E+02  0.289097443824E-03  0.414905639237E+00  0.100005190621E+01  0.652317161060E+00  0.154015012380E-01  0.474412480771E-03  0.264713302529E+02  0.176475535019E+02  0.126885317786E+01  0.539038103147E+02
  0.105000000000E+02  0.278116451184E-03  0.414930489521E+00  0.100004073899E+01  0.652819176431E+00  0.154074265025E-01  0.474777582859E-03  0.264815143011E+02  0.176543428674E+02  0.126934133096E+01  0.539245481846E+02
  0.107500000000E+02  0.269596504049E-03  0.414956556727E+00  0.100003203679E+01  0.653312965292E+00  0.154132524477E-01  0.475136702031E-03  0.264915276444E+02  0.176610184296E+02  0.126982130164E+01  0.539449384466E+02
  0.110000000000E+02  0.262993192188E-03  0.414983606395E+00  0.100002525487E+01  0.653798641017E+00  0.154189805230E-01  0.475489920739E-03  0.265013727740E+02  0.176675818493E+02  0.127029320932E+01  0.539649861733E+02
  0.112500000000E+02  0.257882431507E-03  0.415011455193E+00  0.100001996894E+01  0.654276276027E+00  0.154246116913E-01  0.475837291656E-03  0.265110513444E+02  0.176740342296E+02  0.127075713330E+01  0.539846947343E+02
  0.115000000000E+02  0.253933873463E-03  0.415039959905E+00  0.100001584847E+01  0.654745918023E+00  0.154301466207E-01  0.476178849471E-03  0.265205645043E+02  0.176803763362E+02  0.127121312863E+01  0.540040664681E+02
  0.117500000000E+02  0.250890188617E-03  0.415069008854E+00  0.100001263605E+01  0.655207602286E+00  0.154355858302E-01  0.476514619844E-03  0.265299131457E+02  0.176866087638E+02  0.127166123809E+01  0.540231031916E+02
  0.120000000000E+02  0.248550926215E-03  0.415098515251E+00  0.100001013113E+01  0.655661361041E+00  0.154409298006E-01  0.476844626212E-03  0.265390980947E+02  0.176927320631E+02  0.127210150126E+01  0.540418065867E+02
  0.122500000000E+02  0.246759939693E-03  0.415128412005E+00  0.100000817751E+01  0.656107230687E+00  0.154461790590E-01  0.477168895045E-03  0.265481202576E+02  0.176987468384E+02  0.127253396158E+01  0.540601784991E+02
  0.125000000000E+02  0.245395592463E-03  0.415158647696E+00  0.100000665350E+01  0.656545257509E+00  0.154513342467E-01  0.477487460007E-03  0.265569807365E+02  0.177046538243E+02  0.127295867189E+01  0.540782211727E+02
  0.127500000000E+02  0.244363130488E-03  0.415189183445E+00  0.100000546428E+01  0.656975502339E+00  0.154563961734E-01  0.477800365338E-03  0.265656809230E+02  0.177104539487E+02  0.127337569888E+01  0.540959374415E+02
  0.130000000000E+02  0.243588740814E-03  0.415219990487E+00  0.100000453601E+01  0.657398044458E+00  0.154613658630E-01  0.478107668697E-03  0.265742225770E+02  0.177161483846E+02  0.127378512692E+01  0.541133308891E+02
  0.132500000000E+02  0.243014922549E-03  0.415251048294E+00  0.100000381113E+01  0.657812984922E+00  0.154662445923E-01  0.478409443580E-03  0.265826078931E+02  0.177217385954E+02  0.127418706120E+01  0.541304059845E+02
  0.135000000000E+02  0.242596884099E-03  0.415282343120E+00  0.100000324478E+01  0.658220449388E+00  0.154710339243E-01  0.478705781373E-03  0.265908395574E+02  0.177272263716E+02  0.127458163046E+01  0.541471681972E+02
  0.137500000000E+02  0.242299742203E-03  0.415313866877E+00  0.100000280202E+01  0.658620590422E+00  0.154757357343E-01  0.478996793034E-03  0.265989207933E+02  0.177326138622E+02  0.127496898923E+01  0.541636240914E+02
  0.140000000000E+02  0.242096341362E-03  0.415345616264E+00  0.100000245563E+01  0.659013589266E+00  0.154803522307E-01  0.479282610376E-03  0.266068553966E+02  0.177379035977E+02  0.127534931944E+01  0.541797813962E+02
  0.142500000000E+02  0.241965551428E-03  0.415377592099E+00  0.100000218439E+01  0.659399656976E+00  0.154848859681E-01  0.479563386892E-03  0.266146477577E+02  0.177430985051E+02  0.127572283154E+01  0.541956490519E+02
  0.145000000000E+02  0.241890939239E-03  0.415409798805E+00  0.100000197177E+01  0.659779034880E+00  0.154893398519E-01  0.479839298095E-03  0.266223028704E+02  0.177482019136E+02  0.127608976490E+01  0.542112372275E+02
  0.147500000000E+02  0.241859735609E-03  0.415442244020E+00  0.100000180490E+01  0.660151994355E+00  0.154937171355E-01  0.480110541349E-03  0.266298263266E+02  0.177532175511E+02  0.127645038755E+01  0.542265573097E+02
  0.150000000000E+02  0.241862031892E-03  0.415474938305E+00  0.100000167377E+01  0.660518835954E+00  0.154980214098E-01  0.480377335239E-03  0.266372242982E+02  0.177581495321E+02  0.127680499533E+01  0.542416218664E+02
  0.152500000000E+02  0.241890151866E-03  0.415507894922E+00  0.100000157057E+01  0.660879888005E+00  0.155022565865E-01  0.480639918549E-03  0.266445035081E+02  0.177630023387E+02  0.127715391050E+01  0.542564445877E+02
  0.155000000000E+02  0.241938159362E-03  0.415541129670E+00  0.100000148925E+01  0.661235504850E+00  0.155064268770E-01  0.480898548982E-03  0.266516711948E+02  0.177677807965E+02  0.127749748002E+01  0.542710402133E+02
  0.157500000000E+02  0.242001473992E-03  0.415574660758E+00  0.100000142507E+01  0.661586064899E+00  0.155105367693E-01  0.481153501745E-03  0.266587350723E+02  0.177724900482E+02  0.127783607363E+01  0.542854244511E+02
  0.160000000000E+02  0.242076571928E-03  0.415608508711E+00  0.100000137437E+01  0.661931968711E+00  0.155145910058E-01  0.481405068153E-03  0.266657032912E+02  0.177771355275E+02  0.127817008203E+01  0.542996138986E+02
  0.162500000000E+02  0.242160752346E-03  0.415642696300E+00  0.100000133430E+01  0.662273637242E+00  0.155185945620E-01  0.481653554358E-03  0.266725844034E+02  0.177817229356E+02  0.127849991514E+01  0.543136259699E+02
  0.165000000000E+02  0.242251955439E-03  0.415677248500E+00  0.100000130263E+01  0.662611510424E+00  0.155225526301E-01  0.481899280308E-03  0.266793873330E+02  0.177862582220E+02  0.127882600071E+01  0.543274788373E+02
  0.167500000000E+02  0.242348621880E-03  0.415712192463E+00  0.100000127764E+01  0.662946046163E+00  0.155264706071E-01  0.482142579028E-03  0.266861213560E+02  0.177907475707E+02  0.127914878337E+01  0.543411913895E+02
  0.170000000000E+02  0.242449584583E-03  0.415747557489E+00  0.100000125799E+01  0.663277719834E+00  0.155303540887E-01  0.482383796243E-03  0.266927960900E+02  0.177951973933E+02  0.127946872413E+01  0.543547832111E+02
  0.172500000000E+02  0.242553985071E-03  0.415783375005E+00  0.100000124264E+01  0.663607024284E+00  0.155342088693E-01  0.482623290388E-03  0.266994214941E+02  0.177996143294E+02  0.127978630035E+01  0.543682745815E+02
  0.175000000000E+02  0.242661208648E-03  0.415819678529E+00  0.100000123079E+01  0.663934470309E+00  0.155380409472E-01  0.482861432952E-03  0.267060078780E+02  0.178040052520E+02  0.128010200621E+01  0.543816864949E+02
  0.177500000000E+02  0.242770834882E-03  0.415856503645E+00  0.100000122183E+01  0.664260587484E+00  0.155418565345E-01  0.483098609079E-03  0.267125659187E+02  0.178083772791E+02  0.128041635350E+01  0.543950406929E+02
  0.180000000000E+02  0.242882599953E-03  0.415893887960E+00  0.100000121529E+01  0.664585925169E+00  0.155456620686E-01  0.483335218305E-03  0.267191066805E+02  0.178127377870E+02  0.128072987255E+01  0.544083597055E+02
  0.182500000000E+02  0.242996367207E-03  0.415931871070E+00  0.100000121082E+01  0.664911053499E+00  0.155494642234E-01  0.483571675272E-03  0.267256416340E+02  0.178170944227E+02  0.128104311320E+01  0.544216668908E+02
  0.185000000000E+02  0.243112103460E-03  0.415970494518E+00  0.100000120819E+01  0.665236564154E+00  0.155532699182E-01  0.483808410294E-03  0.267321826718E+02  0.178214551146E+02  0.128135664548E+01  0.544349864655E+02
  0.187500000000E+02  0.243229860126E-03  0.416009801765E+00  0.100000120722E+01  0.665563070765E+00  0.155570863218E-01  0.484045869647E-03  0.267387421156E+02  0.178258280770E+02  0.128167106002E+01  0.544483435204E+02
  0.190000000000E+02  0.243349758245E-03  0.416049838141E+00  0.100000120779E+01  0.665891208866E+00  0.155609208522E-01  0.484284515539E-03  0.267453327148E+02  0.178302218099E+02  0.128198696793E+01  0.544617640174E+02
  0.192500000000E+02  0.243471976507E-03  0.416090650811E+00  0.100000120986E+01  0.666221635379E+00  0.155647811698E-01  0.484524825730E-03  0.267519676357E+02  0.178346450904E+02  0.128230500032E+01  0.544752747671E+02
  0.195000000000E+02  0.243596741824E-03  0.416132288721E+00  0.100000121339E+01  0.666555027642E+00  0.155686751657E-01  0.484767292830E-03  0.267586604411E+02  0.178391069607E+02  0.128262580730E+01  0.544889033875E+02
  0.197500000000E+02  0.243724321834E-03  0.416174802557E+00  0.100000121841E+01  0.666892082085E+00  0.155726109457E-01  0.485012423334E-03  0.267654250630E+02  0.178436167087E+02  0.128295005666E+01  0.545026782486E+02
  0.200000000000E+02  0.243855018044E-03  0.416218244692E+00  0.100000122495E+01  0.667233512620E+00  0.155765968114E-01  0.485260736451E-03  0.267722757696E+02  0.178481838464E+02  0.128327843234E+01  0.545166284048E+02
  0.202500000000E+02  0.243989158695E-03  0.416262669137E+00  0.100000123308E+01  0.667580048905E+00  0.155806412390E-01  0.485512762840E-03  0.267792271296E+02  0.178528180864E+02  0.128361163264E+01  0.545307835223E+02
  0.205000000000E+02  0.244127092050E-03  0.416308131483E+00  0.100000124287E+01  0.667932434589E+00  0.155847528588E-01  0.485769043337E-03  0.267862939760E+02  0.178575293173E+02  0.128395036856E+01  0.545451738058E+02
  0.207500000000E+02  0.244269180868E-03  0.416354688849E+00  0.100000125442E+01  0.668291425724E+00  0.155889404354E-01  0.486030127800E-03  0.267934913734E+02  0.178623275823E+02  0.128429536220E+01  0.545598299316E+02
  0.210000000000E+02  0.244415798459E-03  0.416402399815E+00  0.100000126782E+01  0.668657789460E+00  0.155932128529E-01  0.486296574153E-03  0.268008345909E+02  0.178672230606E+02  0.128464734545E+01  0.545747829922E+02
  0.212500000000E+02  0.244567325529E-03  0.416451324348E+00  0.100000128317E+01  0.669032303148E+00  0.155975791029E-01  0.486568947744E-03  0.268083390831E+02  0.178722260554E+02  0.128500705910E+01  0.545900644578E+02
  0.215000000000E+02  0.244724147742E-03  0.416501523722E+00  0.100000130056E+01  0.669415753968E+00  0.156020482801E-01  0.486847821067E-03  0.268160204814E+02  0.178773469876E+02  0.128537525240E+01  0.546057061588E+02
  0.217500000000E+02  0.244886653841E-03  0.416553060431E+00  0.100000132009E+01  0.669808939123E+00  0.156066295834E-01  0.487133773908E-03  0.268238945965E+02  0.178825963977E+02  0.128575268323E+01  0.546217402910E+02
  0.220000000000E+02  0.245055234313E-03  0.416605998089E+00  0.100000134187E+01  0.670212666639E+00  0.156113323249E-01  0.487427393919E-03  0.268319774335E+02  0.178879849557E+02  0.128614011874E+01  0.546381994454E+02
  0.222500000000E+02  0.245230280436E-03  0.416660401327E+00  0.100000136598E+01  0.670627756755E+00  0.156161659449E-01  0.487729277640E-03  0.268402852179E+02  0.178935234786E+02  0.128653833668E+01  0.546551166622E+02
  0.225000000000E+02  0.245412183274E-03  0.416716335689E+00  0.100000139251E+01  0.671055043851E+00  0.156211400335E-01  0.488040031892E-03  0.268488344326E+02  0.178992229550E+02  0.128694812713E+01  0.546725255058E+02
  0.227500000000E+02  0.245601332548E-03  0.416773867514E+00  0.100000142154E+01  0.671495378816E+00  0.156262643569E-01  0.488360275502E-03  0.268576418634E+02  0.179050945756E+02  0.128737029468E+01  0.546904601572E+02
  0.230000000000E+02  0.245798115485E-03  0.416833063828E+00  0.100000145315E+01  0.671949631715E+00  0.156315488875E-01  0.488690641247E-03  0.268667246505E+02  0.179111497670E+02  0.128780566091E+01  0.547089555190E+02
  0.232500000000E+02  0.246002916258E-03  0.416893992230E+00  0.100000148739E+01  0.672418694621E+00  0.156370038355E-01  0.489031777906E-03  0.268761003424E+02  0.179174002282E+02  0.128825506697E+01  0.547280473256E+02
  0.235000000000E+02  0.246216116048E-03  0.416956720787E+00  0.100000152432E+01  0.672903484457E+00  0.156426396803E-01  0.489384352333E-03  0.268857869504E+02  0.179238579670E+02  0.128871937622E+01  0.547477722537E+02
  0.237500000000E+02  0.246438093721E-03  0.417021317928E+00  0.100000156395E+01  0.673404945778E+00  0.156484672009E-01  0.489749051475E-03  0.268958030015E+02  0.179305353344E+02  0.128919947670E+01  0.547681680295E+02
  0.240000000000E+02  0.246669227423E-03  0.417087852346E+00  0.100000160633E+01  0.673924053429E+00  0.156544975057E-01  0.490126584312E-03  0.269061675879E+02  0.179374450586E+02  0.128969628355E+01  0.547892735309E+02
  0.242500000000E+02  0.246909897297E-03  0.417156392902E+00  0.100000165146E+01  0.674461815113E+00  0.156607420597E-01  0.490517683719E-03  0.269169004151E+02  0.179446002767E+02  0.129021074134E+01  0.548111288844E+02
  0.245000000000E+02  0.247160489773E-03  0.417227008531E+00  0.100000169936E+01  0.675019273898E+00  0.156672127114E-01  0.490923108289E-03  0.269280218477E+02  0.179520145652E+02  0.129074382619E+01  0.548337755588E+02
  0.247500000000E+02  0.247421403421E-03  0.417299768146E+00  0.100000175001E+01  0.675597510672E+00  0.156739217193E-01  0.491343644125E-03  0.269395529550E+02  0.179597019700E+02  0.129129654802E+01  0.548572564573E+02
  0.250000000000E+02  0.247693056073E-03  0.417374740534E+00  0.100000180345E+01  0.676197646541E+00  0.156808817765E-01  0.491780106576E-03  0.269515155533E+02  0.179676770355E+02  0.129186995256E+01  0.548816160049E+02
  0.252500000000E+02  0.247975893119E-03  0.417451994253E+00  0.100000185968E+01  0.676820845043E+00  0.156881060337E-01  0.492233341850E-03  0.269639322454E+02  0.179759548303E+02  0.129246512322E+01  0.549069002279E+02
  0.255000000000E+02  0.248270396404E-03  0.417531597518E+00  0.100000191876E+01  0.677468314019E+00  0.156956081178E-01  0.492704228377E-03  0.269768264525E+02  0.179845509684E+02  0.129308318267E+01  0.549331568190E+02
  0.257500000000E+02  0.248577093378E-03  0.417613618086E+00  0.100000198075E+01  0.678141306983E+00  0.157034021442E-01  0.493193677806E-03  0.269902224354E+02  0.179934816236E+02  0.129372529378E+01  0.549604351805E+02
  0.260000000000E+02  0.248896566345E-03  0.417698123151E+00  0.100000204576E+01  0.678841123888E+00  0.157115027218E-01  0.493702635555E-03  0.270041453031E+02  0.180027635354E+02  0.129439266013E+01  0.549887864426E+02
  0.262500000000E+02  0.249229461493E-03  0.417785179230E+00  0.100000211395E+01  0.679569111339E+00  0.157199249517E-01  0.494232080974E-03  0.270186210107E+02  0.180124140071E+02  0.129508652581E+01  0.550182634576E+02
  0.265000000000E+02  0.249576497622E-03  0.417874852073E+00  0.100000218553E+01  0.680326662493E+00  0.157286844216E-01  0.494783027268E-03  0.270336763496E+02  0.180224508997E+02  0.129580817502E+01  0.550489207809E+02
  0.267500000000E+02  0.249938474439E-03  0.417967206571E+00  0.100000226078E+01  0.681115217083E+00  0.157377972016E-01  0.495356521515E-03  0.270493389402E+02  0.180328926268E+02  0.129655893169E+01  0.550808146564E+02
  0.270000000000E+02  0.250316280750E-03  0.418062306680E+00  0.100000234004E+01  0.681936262135E+00  0.157472798475E-01  0.495953645189E-03  0.270656372378E+02  0.180437581586E+02  0.129734015978E+01  0.551140030280E+02
  0.272500000000E+02  0.250710903129E-03  0.418160215355E+00  0.100000242375E+01  0.682791334016E+00  0.157571494194E-01  0.496575515648E-03  0.270826005645E+02  0.180550670430E+02  0.129815326478E+01  0.551485456043E+02
