   0.0000000000000000     
   2.2732596938027427E-002
   4.5465771805766053E-002
   6.8200102590623146E-002
   9.0936167395113898E-002
  0.11367454449465697     
  0.13641581239510003     
  0.15916054989051531     
  0.18190933612093829     
  0.20466275063026274     
  0.22742137342405044     
  0.25018578502775313     
  0.27295656654457900     
  0.29573429971401310     
  0.31851956697001071     
  0.34131295149961716     
  0.36411503730155914     
  0.38692640924526245     
  0.40974765312972750     
  0.43257935574280282     
  0.45542210492067170     
  0.47827648960742408     
  0.50114309991499795     
  0.52402252718324860     
  0.54691536404044427     
  0.56982220446380438     
  0.59274364384047828     
  0.61568027902876565     
  0.63863270841972053     
  0.66160153199894012     
  0.68458735140876570     
  0.70759077001088144     
  0.73061239294919744     
  0.75365282721314486     
  0.77671268170135477     
  0.79979256728577752     
  0.82289309687604373     
  0.84601488548460679     
  0.86915855029201339     
  0.89232471071269970     
  0.91551398846142718     
  0.93872700762004513     
  0.96196439470482176     
  0.98522677873430098     
   1.0085147912975998     
   1.0318290666235015     
   1.0551702416498756     
   1.0785389560937801     
   1.1019358525221037     
   1.1253615764230176     
   1.1488167762778403     
   1.1723021036336547     
   1.1958182131765511     
   1.2193657628056656     
   1.2429454137078153     
   1.2665578304329017     
   1.2902036809700519     
   1.3138836368244426     
   1.3375983730951759     
   1.3613485685534386     
   1.3851349057221398     
   1.4089580709558192     
   1.4328187545217190     
   1.4567176506816395     
   1.4806554577747164     
   1.5046328783011234     
   1.5286506190066689     
   1.5527093909684311     
   1.5768099096813160     
   1.6009528951456673     
   1.6251390719559282     
   1.6493691693902122     
   1.6736439215011387     
   1.6979640672077352     
   1.7223303503883187     
   1.7467435199747712     
   1.7712043300476950     
   1.7957135399331037     
   1.8202719143000934     
   1.8448802232598496     
   1.8695392424660326     
   1.8942497532162577     
   1.9190125425551798     
   1.9438284033787738     
   1.9686981345400199     
   1.9936225409561530     
   2.0186024337172199     
   2.0436386301962273     
   2.0687319541607678     
   2.0938832358862385     
   2.1190933122706070     
   2.1443630269508702     
   2.1696932304210890     
   2.1950847801521860     
   2.2205385407134628     
   2.2460553838958504     
   2.2716361888370074     
   2.2972818421482373     
   2.3229932380432956     
   2.3487712784691439     
   2.3746168732386650     
   2.4005309401652397     
   2.4265144051996970     
   2.4525682025690401     
   2.4786932749173900     
   2.5048905734493303     
   2.5311610580750710     
   2.5575056975582982     
   2.5839254696660419     
   2.6104213613211442     
   2.6369943687570441     
   2.6636454976749349     
   2.6903757634036509     
   2.7171861910620407     
   2.7440778157239549     
   2.7710516825860054     
   2.7981088471379394     
   2.8252503753359690     
   2.8524773437788440     
   2.8797908398870504     
   2.9071919620847808     
   2.9346818199850304     
   2.9622615345778911     
   2.9899322384220426     
   3.0176950758393843     
   3.0455512031129786     
   3.0735017886887022     
   3.1015480133799826     
   3.1296910705763423     
   3.1579321664554811     
   3.1862725201990258     
   3.2147133642121730     
   3.2432559443471405     
   3.2719015201306263     
   3.3006513649951614     
   3.3295067665148110     
   3.3584690266449968     
   3.3875394619665258     
   3.4167194039342235     
   3.4460101991300292     
   3.4754132095204966     
   3.5049298127193822     
   3.5345614022547238     
   3.5643093878409076     
   3.5941751956559358     
   3.6241602686236263     
   3.6542660667013251     
   3.6844940671726079     
   3.7148457649459772     
   3.7453226728587197     
   3.7759263219868870     
   3.8066582619609335     
   3.8375200612874352     
   3.8685133076769915     
   3.8996396083783793     
   3.9309005905192578     
   3.9622979014532120     
   3.9938332091138591     
   4.0255082023755904     
   4.0573245914214908     
   4.0892841081184770     
   4.1213885063997964     
   4.1536395626549876     
   4.1860390761277699     
   4.2185888693217919     
   4.2512907884142805     
   4.2841467036782603     
   4.3171585099130709     
   4.3503281268837384     
   4.3836574997689581     
   4.4171485996185567     
   4.4508034238199770     
   4.4846239965744132     
   4.5186123693827369     
   4.5527706215413843     
   4.5871008606485759     
   4.6216052231209375     
   4.6562858747208082     
   4.6911450110948607     
   4.7261848583235633     
   4.7614076734826085     
   4.7968157452158096     
   4.8324113943205020     
   4.8681969743449542     
   4.9041748721988938     
   4.9403475087767390     
   4.9767173395944866     
   5.0132868554401284     
   5.0500585830380089     
   5.0870350857279760     
   5.1242189641587004     
   5.1616128569966406     
   5.1992194416501718     
   5.2370414350098144     
   5.2750815942045080     
   5.3133427173749084     
   5.3518276444634836     
   5.3905392580225140     
   5.4294804840397575     
   5.4686542927828867     
   5.5080636996627135     
   5.5477117661158815     
   5.5876016005075257     
   5.6277363590544098     
   5.6681192467689954     
   5.7087535184250555     
   5.7496424795455283     
   5.7907894874127521     
   5.8321979521022342     
   5.8738713375403506     
   5.9158131625861188     
   5.9580270021388344     
   6.0005164882708613     
   6.0432853113873648     
   6.0863372214130464     
   6.1296760290070438     
   6.1733056068063519     
   6.2172298906987606     
   6.2614528811260755     
   6.3059786444184738     
   6.3508113141606657     
   6.3959550925910094     
   6.4414142520340789     
   6.4871931363681625     
   6.5332961625279040     
   6.5797278220438784     
   6.6264926826193431     
   6.6735953897457705     
   6.7210406683580572     
   6.7688333245300214     
   6.8169782472123472     
   6.8654804100131059     
   6.9143448730226567     
   6.9635767846840224     
   7.0131813837098349     
   7.0631640010473689     
   7.1135300618931296     
   7.1642850877578894     
   7.2154346985841329     
   7.2669846149171775     
   7.3189406601313181     
   7.3713087627129710     
   7.4240949586019838     
   7.4773053935930847     
   7.5309463257991212     
   7.5850241281776789     
   7.6395452911232411     
   7.6945164251263520     
   7.7499442635021012     
   7.8058356651896474     
   7.8621976176249149     
   7.9190372396887199     
   7.9763617847323474     
   8.0341786436825799     
   8.0924953482292636     
   8.1513195740968456     
   8.2106591444030528     
   8.2705220331069000     
   8.3309163685486283     
   8.3918504370844715     
   8.4533326868187544     
   8.5153717314363746     
   8.5779763541384284     
   8.6411555116841612     
   8.7049183385422566     
   8.7692741511545762     
   8.8342324523158027     
   8.8998029356724544     
   8.9659954903443122     
   9.0328202056724081     
   9.1002873760967589     
   9.1684075061682222     
   9.2371913156976575     
   9.3066497450469967     
   9.3767939605661468     
   9.4476353601799445     
   9.5191855791293278     
   9.5914564958716824     
   9.6644602381444997     
   9.7382091891972067     
   9.8127159941961679     
   9.8879935668075234     
   9.9640550959631611     
   10.040914052815040     
   10.118584197882996     
   10.197079588401778     
   10.276414585872772     
   10.356603863825995     
   10.437662415798542     
   10.519605563535109     
   10.602448965416954     
   10.686208625125403     
   10.770900900546124     
   10.856542512920939     
   10.943150556253357     
   11.030742506974775     
   11.119336233877917     
   11.208950008324635     
   11.299602514734488     
   11.391312861361968     
   11.484100591368247     
   11.577985694195888     
   11.672988617252514     
   11.769130277911330     
   11.866432075835405     
   11.964915905632807     
   12.064604169849687     
   12.165519792308501     
   12.267686231798052     
   12.371127496122227     
   12.475868156514025     
   12.581933362421225     
   12.689348856669966     
   12.798140991011707     
   12.908336742059532     
   13.019963727618233     
   13.133050223413349     
   13.247625180222570     
   13.363718241413224     
   13.481359760888395     
   13.600580821443145     
   13.721413253532234     
   13.843889654448702     
   13.968043407912035     
   14.093908704063509     
   14.221520559864189     
   14.350914839890038     
   14.482128277516622     
   14.615198496483686     
   14.750164032827939     
   14.887064357169820     
   15.025939897337253     
   15.166832061306849     
   15.309783260438820     
   15.454836932979788     
   15.602037567802057     
   15.751430728344801     
   15.903063076717984     
   16.056982397923377     
   16.213237624143375     
   16.371878859040393     
   16.532957402004513     
   16.696525772278392     
   16.862637732881950     
   17.031348314249925     
   17.202713837486442     
   17.376791937130832     
   17.553641583318068     
   17.733323103205379     
   17.915898201524399     
   18.101429980104029     
   18.289982956195260     
   18.481623079413225     
   18.676417747094689     
   18.874435817851705     
   19.075747623082705     
   19.280424976181592     
   19.488541179163548     
   19.700171026403794     
   19.915390805159376     
   20.134278292519895     
   20.356912748403786     
   20.583374904189299     
   20.813746946538217     
   21.048112495938895     
   21.286556579462172     
   21.529165597190229     
   21.776027281741790     
   22.027230650283158     
   22.282865948375417     
   22.543024584973210     
   22.807799057851867     
   23.077282868703065     
   23.351570427103724     
   23.630756942527057     
   23.914938303532423     
   24.204210943240724     
   24.498671690174476     
   24.798417603520249     
   25.103545791854572     
   25.414153214363367     
   25.730336463584592     
   26.052191528709670     
   26.379813538499633     
   26.713296482901654     
   27.052732912499479     
   27.398213614992756     
   27.749827267982440     
   28.107660067442097     
   28.471795331379283     
   28.842313078343196     
   29.219289580611388     
   29.602796892096649     
   29.992902351253022     
   30.389668059531161     
   30.793150336238682     
   31.203399151000085     
   31.620457535385754     
   32.044360975688221     
   32.475136789263928     
   32.912803487330791     
   33.357370127609627     
   33.808835660715900     
   34.267188274744186     
   34.732404743029193     
   35.204449780608812     
   35.683275415442409     
   36.168820380942748     
   36.661009536844276     
   37.159753325844662     
   37.664947273799086     
   38.176471541505506     
   38.694190536275748     
   39.217952591523833     
   39.747589722507655     
   40.282917466115364     
   40.823734812183091     
   41.369824233259330     
   41.920951818983824     
   42.476867520328653     
   43.037305507859145     
   43.601984646918552     
   44.170609091245097     
   44.742868995005395     
   45.318441341607659     
   45.896990885968698     
   46.478171205186356     
   47.061625850856046     
   47.646989594602310     
   48.233889756821519     
   48.821947607188029     
   49.410779824202841     
   50.000000000000021     
