   6.7175991600265661E-003
   2.0153300932960860E-002
   3.3590513215429496E-002
   4.7030243515777670E-002
   6.0473500095724830E-002
   7.3921292272359551E-002
   8.7374630720859159E-002
  0.10083452777791990     
  0.11430199774649452     
  0.12777805720159563     
  0.14126372529752018     
  0.15476002407689293     
  0.16826797878144362     
  0.18178861816471681     
  0.19532297480729710     
  0.20887208543426539     
  0.22243699123542626     
  0.23601873818836339     
  0.24961837738459280     
  0.26323696535905583     
  0.27687556442315042     
  0.29053524300140054     
  0.30421707597230352     
  0.31792214501328431     
  0.33165153895001254     
  0.34540635411072174     
  0.35918769468511869     
  0.37299667308886342     
  0.38683441033325039     
  0.40070203640067348     
  0.41460069062627269     
  0.42853152208571998     
  0.44249568998966993     
  0.45649436408494637     
  0.47052872506318977     
  0.48459996497672364     
  0.49870928766239331     
  0.51285790917353324     
  0.52704705822056042     
  0.54127797661999466     
  0.55555191975319929     
  0.56987015703444399     
  0.58423397238898644     
  0.59864466474135725     
  0.61310354851487148     
  0.62761195414176996     
  0.64217122858545395     
  0.65678273587457170     
  0.67144785764979531     
  0.68616799372360049     
  0.70094456265363192     
  0.71577900232999525     
  0.73067277057749891     
  0.74562734577270362     
  0.76064422747698757     
  0.77572493708581192     
  0.79087101849505359     
  0.80608403878500212     
  0.82136558892248956     
  0.83671728448217664     
  0.85214076638766301     
  0.86763770167260645     
  0.88320978426366992     
  0.89885873578526798     
  0.91458630638713601     
  0.93039427559588717     
  0.94628445319125376     
  0.96225868010782278     
  0.97831882936364423     
  0.99446680701645107     
   1.0107045531485568     
   1.0270340428818088     
   1.0434572874234220     
   1.0599763351442704     
   1.0765932726905163     
   1.0933102261303702     
   1.1101293621367603     
   1.1270528892080733     
   1.1440830589278193     
   1.1612221672651373     
   1.1784725559178924     
   1.1958366136995835     
   1.2133167779725795     
   1.2309155361286344     
   1.2486354271198223     
   1.2664790430407038     
   1.2844490307647618     
   1.3025480936369433     
   1.3207789932249057     
   1.3391445511310138     
   1.3576476508682447     
   1.3762912398020433     
   1.3950783311617272     
   1.4140120061235706     
   1.4330954159694045     
   1.4523317843236043     
   1.4717244094718325     
   1.4912766667654864     
   1.5109920111153485     
   1.5308739795783879     
   1.5509261940420345     
   1.5711523640102172     
   1.5915562894957986     
   1.6121418640240819     
   1.6329130777528178     
   1.6538740207137153     
   1.6750288861813090     
   1.6963819741749404     
   1.7179376951002752     
   1.7397005735369220     
   1.7616752521788897     
   1.7838664959354134     
   1.8062791961998528     
   1.8289183752946201     
   1.8517891911008633     
   1.8748969418820423     
   1.8982470713108341     
   1.9218451737096132     
   1.9456969995148796     
   1.9698084609776743     
   1.9941856381109915     
   2.0188347848976775     
   2.0437623357718167     
   2.0689749123876879     
   2.0944793306917262     
   2.1202826083133459     
   2.1463919722909282     
   2.1728148671519989     
   2.1995589633655896     
   2.2266321661876418     
   2.2540426249206860     
   2.2817987426107038     
   2.3099091862051893     
   2.3383828971987413     
   2.3672291027928622     
   2.3964573276001033     
   2.4260774059228254     
   2.4560994946405685     
   2.4865340867407326     
   2.5173920255307252     
   2.5486845195718075     
   2.5804231583776556     
   2.6126199289234080     
   2.6452872330146704     
   2.6784379055690408     
   2.7120852338659063     
   2.7462429778256023     
   2.7809253913815724     
   2.8161472450155998     
   2.8519238495295411     
   2.8882710811339223     
   2.9252054079384493     
   2.9627439179367343     
   3.0009043485838163     
   3.0397051180731296     
   3.0791653584273320     
   3.1193049505264980     
   3.1601445612065788     
   3.2017056825718271     
   3.2440106736761436     
   3.2870828047408907     
   3.3309463040898919     
   3.3756264079979417     
   3.4211494136645655     
   3.4675427355429349     
   3.5148349652733089     
   3.5630559354913487     
   3.6122367878050028     
   3.6624100452596053     
   3.7136096896383037     
   3.7658712439762212     
   3.8192318607009526     
   3.8737304158484847     
   3.9294076098462085     
   3.9863060753989004     
   4.0444704930649351     
   4.1039477151648782     
   4.1647868987263905     
   4.2270396482381045     
   4.2907601690596948     
   4.3560054324207158     
   4.4228353530333209     
   4.4913129804485692     
   4.5615047054013900     
   4.6334804825192748     
   4.7073140709140091     
   4.7830832943369330     
   4.8608703227601637     
   4.9407619774477496     
   5.0228500618102601     
   5.1072317205908178     
   5.1940098302194997     
   5.2832934234984634     
   5.3751981521457850     
   5.4698467911415491     
   5.5673697892881648     
   5.6679058709292747     
   5.7716026943748915     
   5.8786175732665669     
   5.9891182678982489     
   6.1032838543983701     
   6.2213056806963607     
   6.3433884193598828     
   6.4697512287201562     
   6.6006290352324868     
   6.7362739517713237     
   6.8769568485809316     
   7.0229690959262143     
   7.1746245001725981     
   7.3322614581237673     
   7.4962453580299666     
   7.6669712598347672     
   7.8448668920403009     
   8.0303960081608636     
   8.2240621522241639     
   8.4264128903243716     
   8.6380445740016114     
   8.8596077114211198     
   9.0918130341787844     
   9.3354383613222467     
   9.5913363781356509     
   9.8604434656865720     
   10.143789738398084     
   10.442510471279334     
   10.757859126178104     
   11.091222217645353     
   11.444136293645670     
   11.818307343960697     
   12.215632988645922     
   12.638227838238123     
   13.088452452925068     
   13.568946353452560     
   14.082665542271258     
   14.632924963674384     
   15.223446242213825     
   15.858410852524401     
   16.542518535248547     
   17.281050200832311     
   18.079933636283712     
   18.945808880612958     
   19.886087931294682     
   20.909000185440689     
   22.023610344204627     
   23.239789048172042     
   24.568108027691636     
   26.019621238425799     
   27.605482486904805     
   29.336341483677472     
   31.221460165275587     
   33.267509509901316     
   35.477057212555792     
   37.846850356068998     
   40.366133896865463     
   43.015395423997489     
   45.766018588952136     
   48.581265917026869     
