                time     magnetic_energy     mhd_enstrophy_j mhd_enstrophy_gradb     mhd_dissipation                Jmax
  0.100000000000E-01  0.199804144331E+01  0.499399239420E+01  0.499380547202E+01  0.199752218881E+00  0.720025441538E+00
  0.200000000000E-01  0.199616656610E+01  0.498897978995E+01  0.498883415406E+01  0.199553366162E+00  0.721859686079E+00
  0.300000000000E-01  0.199437756092E+01  0.498523148230E+01  0.498512909042E+01  0.199405163617E+00  0.725530008643E+00
  0.400000000000E-01  0.199267791237E+01  0.498282154365E+01  0.498276540459E+01  0.199310616183E+00  0.731037452310E+00
  0.500000000000E-01  0.199107232743E+01  0.498185497407E+01  0.498184910490E+01  0.199273964196E+00  0.738386397779E+00
  0.600000000000E-01  0.198956665433E+01  0.498246632665E+01  0.498251570375E+01  0.199300628150E+00  0.747584232137E+00
  0.700000000000E-01  0.198816779115E+01  0.498481815886E+01  0.498492866358E+01  0.199397146543E+00  0.758640941444E+00
  0.800000000000E-01  0.198688358543E+01  0.498909932940E+01  0.498927768881E+01  0.199571107553E+00  0.771568627143E+00
  0.900000000000E-01  0.198572272619E+01  0.499552316133E+01  0.499577688499E+01  0.199831075400E+00  0.786380946499E+00
  0.100000000000E+00  0.198469462970E+01  0.500432549405E+01  0.500466280741E+01  0.200186512296E+00  0.803092477587E+00
  0.110000000000E+00  0.198380932054E+01  0.501576264648E+01  0.501619242170E+01  0.200647696868E+00  0.821718009957E+00
  0.120000000000E+00  0.198307730929E+01  0.503010931370E+01  0.503064099867E+01  0.201225639947E+00  0.842271762949E+00
  0.130000000000E+00  0.198250946832E+01  0.504765641828E+01  0.504829996446E+01  0.201931998578E+00  0.864766534732E+00
  0.140000000000E+00  0.198211690701E+01  0.506870893590E+01  0.506947472558E+01  0.202778989023E+00  0.889212786513E+00
  0.150000000000E+00  0.198191084753E+01  0.509358371301E+01  0.509448248663E+01  0.203779299465E+00  0.915617668009E+00
  0.160000000000E+00  0.198190250259E+01  0.512260729194E+01  0.512365007590E+01  0.204946003036E+00  0.943983992174E+00
  0.170000000000E+00  0.198210295596E+01  0.515611375652E+01  0.515731179182E+01  0.206292471673E+00  0.974309169226E+00
  0.180000000000E+00  0.198252304691E+01  0.519444260845E+01  0.519580728055E+01  0.207832291222E+00  0.100658411234E+01
  0.190000000000E+00  0.198317325946E+01  0.523793668205E+01  0.523947945207E+01  0.209579178083E+00  0.104079212963E+01
  0.200000000000E+00  0.198406361706E+01  0.528694010219E+01  0.528867243963E+01  0.211546897585E+00  0.107690781945E+01
  0.210000000000E+00  0.198520358357E+01  0.534179628717E+01  0.534372960411E+01  0.213749184164E+00  0.111489598830E+01
  0.220000000000E+00  0.198660197108E+01  0.540284599550E+01  0.540499158219E+01  0.216199663288E+00  0.115471061255E+01
  0.230000000000E+00  0.198826685513E+01  0.547042541216E+01  0.547279437384E+01  0.218911774954E+00  0.119629386701E+01
  0.240000000000E+00  0.199020549780E+01  0.554486426674E+01  0.554746746136E+01  0.221898698454E+00  0.123957524467E+01
  0.250000000000E+00  0.199242427907E+01  0.562648397245E+01  0.562933194878E+01  0.225173277951E+00  0.128447079248E+01
  0.260000000000E+00  0.199492863684E+01  0.571559577094E+01  0.571869870670E+01  0.228747948268E+00  0.133088248822E+01
  0.270000000000E+00  0.199772301584E+01  0.581249886467E+01  0.581586650374E+01  0.232634660150E+00  0.137869778278E+01
  0.280000000000E+00  0.200081082571E+01  0.591747851409E+01  0.592112010223E+01  0.236844804089E+00  0.142778933075E+01
  0.290000000000E+00  0.200419440831E+01  0.603080407372E+01  0.603472829169E+01  0.241389131668E+00  0.147801492969E+01
  0.300000000000E+00  0.200787501442E+01  0.615272693769E+01  0.615694183087E+01  0.246277673235E+00  0.152921768562E+01
  0.310000000000E+00  0.201185278984E+01  0.628347836276E+01  0.628799126605E+01  0.251519650642E+00  0.158122641811E+01
  0.320000000000E+00  0.201612677069E+01  0.642326713532E+01  0.642808459232E+01  0.257123383693E+00  0.163385631395E+01
  0.330000000000E+00  0.202069488793E+01  0.657227704907E+01  0.657740472436E+01  0.263096188975E+00  0.168690983294E+01
  0.340000000000E+00  0.202555398067E+01  0.673066416198E+01  0.673610674557E+01  0.269444269823E+00  0.174017786400E+01
  0.350000000000E+00  0.203069981811E+01  0.689855380590E+01  0.690431490900E+01  0.276172596360E+00  0.179344112363E+01
  0.360000000000E+00  0.203612712958E+01  0.707603732961E+01  0.708211937138E+01  0.283284774855E+00  0.184647178291E+01
  0.370000000000E+00  0.204182964226E+01  0.726316856702E+01  0.726957265213E+01  0.290782906085E+00  0.190424031750E+01
  0.380000000000E+00  0.204780012599E+01  0.745996003647E+01  0.746668582397E+01  0.298667432959E+00  0.211561595238E+01
  0.390000000000E+00  0.205403044455E+01  0.766637889461E+01  0.767342445934E+01  0.306936978374E+00  0.234974168377E+01
  0.400000000000E+00  0.206051161282E+01  0.788234268922E+01  0.788970437744E+01  0.315588175099E+00  0.260149611565E+01
  0.410000000000E+00  0.206723385896E+01  0.810771497829E+01  0.811538726041E+01  0.324615490419E+00  0.287033783721E+01
  0.420000000000E+00  0.207418669091E+01  0.834230090741E+01  0.835027623110E+01  0.334011049248E+00  0.315528583514E+01
  0.430000000000E+00  0.208135896648E+01  0.858584286223E+01  0.859411151038E+01  0.343764460421E+00  0.349161386624E+01
  0.440000000000E+00  0.208873896609E+01  0.883801633676E+01  0.884656629536E+01  0.353862651823E+00  0.385753203269E+01
  0.450000000000E+00  0.209631446750E+01  0.909842617927E+01  0.910724302076E+01  0.364289720845E+00  0.424542980993E+01
  0.460000000000E+00  0.210407282145E+01  0.936660339439E+01  0.937567018289E+01  0.375026807337E+00  0.465323368503E+01
  0.470000000000E+00  0.211200102768E+01  0.964200269181E+01  0.965129991652E+01  0.386051996692E+00  0.507818521855E+01
  0.480000000000E+00  0.212008581015E+01  0.992400097661E+01  0.993350652001E+01  0.397340260845E+00  0.553928011945E+01
  0.490000000000E+00  0.212831369100E+01  0.102118969742E+02  0.102215861212E+02  0.408863444912E+00  0.607049137787E+01
  0.500000000000E+00  0.213667106203E+01  0.105049121724E+02  0.105147576665E+02  0.420590306747E+00  0.662219884747E+01
  0.510000000000E+00  0.214514425326E+01  0.108021932455E+02  0.108121653967E+02  0.432486615988E+00  0.718951324417E+01
  0.520000000000E+00  0.215371959751E+01  0.111028161003E+02  0.111128829495E+02  0.444515318140E+00  0.776674001510E+01
  0.530000000000E+00  0.216238349037E+01  0.114057916505E+02  0.114159191923E+02  0.456636767907E+00  0.834749987677E+01
  0.540000000000E+00  0.217112244480E+01  0.117100733869E+02  0.117202258536E+02  0.468809034425E+00  0.901310892468E+01
  0.550000000000E+00  0.217992313963E+01  0.120145667651E+02  0.120247069704E+02  0.480988279181E+00  0.972862306758E+01
  0.560000000000E+00  0.218877246127E+01  0.123181403802E+02  0.123282301219E+02  0.493129205342E+00  0.104410871351E+02
  0.570000000000E+00  0.219765753814E+01  0.126196388421E+02  0.126296393589E+02  0.505185574943E+00  0.111410150321E+02
  0.580000000000E+00  0.220656576726E+01  0.129178972043E+02  0.129277696813E+02  0.517110787981E+00  0.118187811181E+02
  0.590000000000E+00  0.221548483253E+01  0.132117567376E+02  0.132214628522E+02  0.528858514991E+00  0.124649297262E+02
  0.600000000000E+00  0.222440271457E+01  0.135000817805E+02  0.135095842790E+02  0.540383372265E+00  0.130704694157E+02
  0.610000000000E+00  0.223330769185E+01  0.137817773388E+02  0.137910406319E+02  0.551641626615E+00  0.137166327486E+02
  0.620000000000E+00  0.224218833332E+01  0.140558070633E+02  0.140647978267E+02  0.562591914684E+00  0.144058554425E+02
  0.630000000000E+00  0.225103348267E+01  0.143212111927E+02  0.143298989601E+02  0.573195960340E+00  0.150642022951E+02
  0.640000000000E+00  0.225983223476E+01  0.145771240316E+02  0.145854817638E+02  0.583419272860E+00  0.156570504944E+02
  0.650000000000E+00  0.226857390488E+01  0.148227905259E+02  0.148307951431E+02  0.593231808459E+00  0.161766119486E+02
  0.660000000000E+00  0.227724799167E+01  0.150575815153E+02  0.150652143777E+02  0.602608578333E+00  0.166165489930E+02
  0.670000000000E+00  0.228584413468E+01  0.152810072723E+02  0.152882545981E+02  0.611530187704E+00  0.169719965798E+02
  0.680000000000E+00  0.229435206778E+01  0.154927289882E+02  0.154995821974E+02  0.619983292305E+00  0.173982996882E+02
  0.690000000000E+00  0.230276156940E+01  0.156925679241E+02  0.156990239005E+02  0.627960961136E+00  0.180862629948E+02
  0.700000000000E+00  0.231106241091E+01  0.158805120109E+02  0.158865732765E+02  0.635462936959E+00  0.192557210423E+02
  0.710000000000E+00  0.231924430403E+01  0.160567197466E+02  0.160623945435E+02  0.642495788496E+00  0.204295692998E+02
  0.720000000000E+00  0.232729684815E+01  0.162215212914E+02  0.162268235692E+02  0.649072950453E+00  0.215991823281E+02
  0.730000000000E+00  0.233520947835E+01  0.163754166982E+02  0.163803660049E+02  0.655214648880E+00  0.227558405687E+02
  0.740000000000E+00  0.234297141440E+01  0.165190712269E+02  0.165236925025E+02  0.660947709833E+00  0.238909160681E+02
  0.750000000000E+00  0.235057161102E+01  0.166533076776E+02  0.166576309450E+02  0.666305248625E+00  0.249960511516E+02
  0.760000000000E+00  0.235799870963E+01  0.167790956293E+02  0.167831555813E+02  0.671326235196E+00  0.260633233243E+02
  0.770000000000E+00  0.236524099141E+01  0.168975374151E+02  0.169013728877E+02  0.676054928578E+00  0.270853908532E+02
  0.780000000000E+00  0.237228633197E+01  0.170098505855E+02  0.170135039093E+02  0.680540170558E+00  0.280556148814E+02
  0.790000000000E+00  0.237912215791E+01  0.171173465564E+02  0.171208627757E+02  0.684834526295E+00  0.289681554234E+02
  0.800000000000E+00  0.238573540614E+01  0.172214051158E+02  0.172248310636E+02  0.688993258842E+00  0.298180400583E+02
  0.810000000000E+00  0.239211248734E+01  0.173234445030E+02  0.173268277252E+02  0.693073126269E+00  0.306012054918E+02
  0.820000000000E+00  0.239823925561E+01  0.174248869087E+02  0.174282744356E+02  0.697130995560E+00  0.313145133146E+02
  0.830000000000E+00  0.240410098717E+01  0.175271194841E+02  0.175305564571E+02  0.701222277196E+00  0.319557422108E+02
  0.840000000000E+00  0.240968237166E+01  0.176314512997E+02  0.176349794760E+02  0.705399198619E+00  0.325235595370E+02
  0.850000000000E+00  0.241496752008E+01  0.177390671463E+02  0.177427233196E+02  0.709708952915E+00  0.330174756145E+02
  0.860000000000E+00  0.241993999368E+01  0.178509795830E+02  0.178547939762E+02  0.714191779604E+00  0.334377842646E+02
  0.870000000000E+00  0.242458285807E+01  0.179679811560E+02  0.179719758577E+02  0.718879055174E+00  0.337854931108E+02
  0.880000000000E+00  0.242887876630E+01  0.180905991679E+02  0.180947867000E+02  0.723791489052E+00  0.340622469990E+02
  0.890000000000E+00  0.243281007348E+01  0.182190556927E+02  0.182234378004E+02  0.728937533145E+00  0.342702476008E+02
  0.900000000000E+00  0.243635898436E+01  0.183532356435E+02  0.183578024021E+02  0.734312117181E+00  0.344121718939E+02
  0.910000000000E+00  0.243950773328E+01  0.184926655558E+02  0.184973948755E+02  0.739895815986E+00  0.344910917994E+02
  0.920000000000E+00  0.244223879396E+01  0.186365053353E+02  0.186413629301E+02  0.745654537955E+00  0.345103968224E+02
  0.930000000000E+00  0.244453511458E+01  0.187835545518E+02  0.187884944109E+02  0.751539796896E+00  0.344737211244E+02
  0.940000000000E+00  0.244638037168E+01  0.189322739910E+02  0.189372393598E+02  0.757489594495E+00  0.343848760584E+02
  0.950000000000E+00  0.244775923452E+01  0.190808221881E+02  0.190857470313E+02  0.763429900947E+00  0.342477888438E+02
  0.960000000000E+00  0.244865763066E+01  0.192271056521E+02  0.192319165401E+02  0.769276680848E+00  0.340664477501E+02
  0.970000000000E+00  0.244906300277E+01  0.193688405581E+02  0.193734588877E+02  0.774938374274E+00  0.355181657922E+02
  0.980000000000E+00  0.244896454660E+01  0.195036229218E+02  0.195079673617E+02  0.780318712733E+00  0.381875068033E+02
  0.990000000000E+00  0.244835342062E+01  0.196290037465E+02  0.196329927839E+02  0.785319729113E+00  0.407128049794E+02
  0.100000000000E+01  0.244722291934E+01  0.197425653920E+02  0.197461198552E+02  0.789844811459E+00  0.430577244303E+02
  0.101000000000E+01  0.244556860345E+01  0.198419954606E+02  0.198450408986E+02  0.793801652695E+00  0.451898191434E+02
  0.102000000000E+01  0.244338838242E+01  0.199251548117E+02  0.199276236249E+02  0.797104961262E+00  0.470812617082E+02
  0.103000000000E+01  0.244068254686E+01  0.199901368480E+02  0.199919700866E+02  0.799678819262E+00  0.487093697207E+02
  0.104000000000E+01  0.243745375060E+01  0.200353159056E+02  0.200364646765E+02  0.801458602413E+00  0.500569260045E+02
  0.105000000000E+01  0.243370694407E+01  0.200593833535E+02  0.200598098026E+02  0.802392407042E+00  0.511122998256E+02
  0.106000000000E+01  0.242944926277E+01  0.200613707925E+02  0.200610486555E+02  0.802441960762E+00  0.518693852045E+02
  0.107000000000E+01  0.242468987584E+01  0.200406604777E+02  0.200395752147E+02  0.801583022767E+00  0.523273789750E+02
  0.108000000000E+01  0.241943980115E+01  0.199969837300E+02  0.199951322796E+02  0.799805305021E+00  0.524904254058E+02
  0.109000000000E+01  0.241371169392E+01  0.199304086030E+02  0.199277988042E+02  0.797111965686E+00  0.523671561673E+02
  0.110000000000E+01  0.240751961621E+01  0.198413184353E+02  0.198379681769E+02  0.793518740296E+00  0.519701545269E+02
  0.111000000000E+01  0.240087879491E+01  0.197303831272E+02  0.197263192874E+02  0.789052784434E+00  0.513153712776E+02
  0.112000000000E+01  0.239380537532E+01  0.195985250551E+02  0.195937822951E+02  0.783751304475E+00  0.504215174513E+02
  0.113000000000E+01  0.238631617687E+01  0.194468814944E+02  0.194415009666E+02  0.777660051083E+00  0.493094557334E+02
  0.114000000000E+01  0.237842845716E+01  0.192767652871E+02  0.192707933122E+02  0.770831744663E+00  0.480016089855E+02
  0.115000000000E+01  0.237015968907E+01  0.190896252881E+02  0.190831120487E+02  0.763324493892E+00  0.465214006852E+02
  0.116000000000E+01  0.236152735542E+01  0.188870078886E+02  0.188800061785E+02  0.755200258855E+00  0.448927385902E+02
  0.117000000000E+01  0.235254876420E+01  0.186705206576E+02  0.186630847157E+02  0.746523400125E+00  0.431395496694E+02
  0.118000000000E+01  0.234324088666E+01  0.184417988918E+02  0.184339833446E+02  0.737359345064E+00  0.412853714049E+02
  0.119000000000E+01  0.233362021986E+01  0.182024756294E+02  0.181943345556E+02  0.727773393296E+00  0.393530019977E+02
  0.120000000000E+01  0.232370267392E+01  0.179541554784E+02  0.179457416046E+02  0.717829675056E+00  0.373642098276E+02
  0.121000000000E+01  0.231350348423E+01  0.176983924305E+02  0.176897564614E+02  0.707590269132E+00  0.353395007136E+02
  0.122000000000E+01  0.230303714751E+01  0.174366716939E+02  0.174278617747E+02  0.697114481475E+00  0.332979400886E+02
  0.123000000000E+01  0.229231738060E+01  0.171703954620E+02  0.171614567704E+02  0.686458281122E+00  0.312570261069E+02
  0.124000000000E+01  0.228135710021E+01  0.169008724554E+02  0.168918469154E+02  0.675673886747E+00  0.292326089270E+02
  0.125000000000E+01  0.227016842156E+01  0.166293110087E+02  0.166202371181E+02  0.664809494692E+00  0.276647168325E+02
  0.126000000000E+01  0.225876267376E+01  0.163568154305E+02  0.163477281923E+02  0.653909137510E+00  0.263397897102E+02
  0.127000000000E+01  0.224715042943E+01  0.160843853277E+02  0.160753162753E+02  0.643012660686E+00  0.250750040001E+02
  0.128000000000E+01  0.223534154630E+01  0.158129175613E+02  0.158038948642E+02  0.632155804107E+00  0.238446899740E+02
  0.129000000000E+01  0.222334521843E+01  0.155432104723E+02  0.155342591119E+02  0.621370373896E+00  0.229651396290E+02
  0.130000000000E+01  0.221117003491E+01  0.152759699990E+02  0.152671120009E+02  0.610684489343E+00  0.228180607398E+02
  0.131000000000E+01  0.219882404394E+01  0.150118172852E+02  0.150030719930E+02  0.600122888926E+00  0.226901905655E+02
  0.132000000000E+01  0.218631482078E+01  0.147512973617E+02  0.147426817402E+02  0.589707278723E+00  0.225814978816E+02
  0.133000000000E+01  0.217364953783E+01  0.144948884752E+02  0.144864174275E+02  0.579456706133E+00  0.224918892532E+02
  0.134000000000E+01  0.216083503588E+01  0.142430116351E+02  0.142346983196E+02  0.569387941745E+00  0.224212071322E+02
  0.135000000000E+01  0.214787789547E+01  0.139960399580E+02  0.139878960917E+02  0.559515852563E+00  0.223692271945E+02
  0.136000000000E+01  0.213478450783E+01  0.137543074134E+02  0.137463435486E+02  0.549853750781E+00  0.223356549647E+02
  0.137000000000E+01  0.212156114487E+01  0.135181166128E+02  0.135103423769E+02  0.540413703855E+00  0.223201217990E+02
  0.138000000000E+01  0.210821402811E+01  0.132877453398E+02  0.132801696279E+02  0.531206793848E+00  0.223221803163E+02
  0.139000000000E+01  0.209474939635E+01  0.130634515882E+02  0.130560827037E+02  0.522243316831E+00  0.223412993947E+02
  0.140000000000E+01  0.208117357216E+01  0.128454769573E+02  0.128383226957E+02  0.513532916466E+00  0.223768588758E+02
  0.141000000000E+01  0.206749302716E+01  0.126340483464E+02  0.126271160226E+02  0.505084649499E+00  0.224281441442E+02
  0.142000000000E+01  0.205371444600E+01  0.124293779820E+02  0.124226744036E+02  0.496906984699E+00  0.224943407796E+02
  0.143000000000E+01  0.203984478911E+01  0.122316619052E+02  0.122251932982E+02  0.489007740442E+00  0.225745295010E+02
  0.144000000000E+01  0.202589135381E+01  0.120410771312E+02  0.120348490252E+02  0.481393969482E+00  0.226676816478E+02
  0.145000000000E+01  0.201186183365E+01  0.118577777601E+02  0.118517948447E+02  0.474071802223E+00  0.227726554601E+02
  0.146000000000E+01  0.199776437525E+01  0.116818903737E+02  0.116761563365E+02  0.467046261859E+00  0.228881934331E+02
  0.147000000000E+01  0.198360763213E+01  0.115135090784E+02  0.115080264385E+02  0.460321065906E+00  0.230129210283E+02
  0.148000000000E+01  0.196940081480E+01  0.113526905664E+02  0.113474605140E+02  0.453898428898E+00  0.231453470166E+02
  0.149000000000E+01  0.195515373601E+01  0.111994495458E+02  0.111944718001E+02  0.447778880320E+00  0.232838657169E+02
  0.150000000000E+01  0.194087685041E+01  0.110537548569E+02  0.110490275520E+02  0.441961110379E+00  0.234267613671E+02
  0.151000000000E+01  0.192658128748E+01  0.109155265372E+02  0.109110461426E+02  0.436441853991E+00  0.235722148239E+02
  0.152000000000E+01  0.191227887673E+01  0.107846340284E+02  0.107803953109E+02  0.431215820723E+00  0.237183127398E+02
  0.153000000000E+01  0.189798216432E+01  0.106608956509E+02  0.106568916797E+02  0.426275675479E+00  0.238630593000E+02
  0.154000000000E+01  0.188370442020E+01  0.105440793923E+02  0.105403015878E+02  0.421612071814E+00  0.240043905303E+02
  0.155000000000E+01  0.186945963491E+01  0.104339049908E+02  0.104303432153E+02  0.417213736933E+00  0.241401911073E+02
  0.156000000000E+01  0.185526250577E+01  0.103300472309E+02  0.103266899184E+02  0.413067605080E+00  0.242683135118E+02
  0.157000000000E+01  0.184112841179E+01  0.102321403234E+02  0.102289746421E+02  0.409158994058E+00  0.243865992832E+02
  0.158000000000E+01  0.182707337736E+01  0.101397832027E+02  0.101367952451E+02  0.405471818212E+00  0.244929020430E+02
  0.159000000000E+01  0.181311402459E+01  0.100525455543E+02  0.100497205489E+02  0.401988830397E+00  0.245851118784E+02
  0.160000000000E+01  0.179926751466E+01  0.996997437789E+01  0.996729691432E+01  0.398691885053E+00  0.246611806066E+02
  0.161000000000E+01  0.178555147858E+01  0.989160088872E+01  0.988905515171E+01  0.395562214587E+00  0.247191473859E+02
  0.162000000000E+01  0.177198393798E+01  0.981694757197E+01  0.981451757699E+01  0.392580711635E+00  0.247571641026E+02
  0.163000000000E+01  0.175858321673E+01  0.974553521781E+01  0.974320504337E+01  0.389728210325E+00  0.247735199435E+02
  0.164000000000E+01  0.174536784444E+01  0.967688978097E+01  0.967464379252E+01  0.386985760321E+00  0.247666645675E+02
  0.165000000000E+01  0.173235645265E+01  0.961054892559E+01  0.960837198683E+01  0.384334888119E+00  0.247352293148E+02
  0.166000000000E+01  0.171956766525E+01  0.954606813274E+01  0.954394580033E+01  0.381757840677E+00  0.246780459332E+02
  0.167000000000E+01  0.170701998397E+01  0.948302626219E+01  0.948094496060E+01  0.379237807099E+00  0.245941623705E+02
  0.168000000000E+01  0.169473167065E+01  0.942103047502E+01  0.941897764865E+01  0.376759114623E+00  0.244828552542E+02
  0.169000000000E+01  0.168272062725E+01  0.935972043762E+01  0.935768467775E+01  0.374307395780E+00  0.243436387759E+02
  0.170000000000E+01  0.167100427530E+01  0.929877174309E+01  0.929674288784E+01  0.371869724166E+00  0.241762697970E+02
  0.171000000000E+01  0.165959943595E+01  0.923789850353E+01  0.923586770964E+01  0.369434717009E+00  0.239807490939E+02
  0.172000000000E+01  0.164852221205E+01  0.917685508658E+01  0.917481487241E+01  0.366992603478E+00  0.237573187692E+02
  0.173000000000E+01  0.163778787369E+01  0.911543699148E+01  0.911338125158E+01  0.364535258591E+00  0.235064559514E+02
  0.174000000000E+01  0.162741074827E+01  0.905348088387E+01  0.905140487604E+01  0.362056203501E+00  0.232288630010E+02
  0.175000000000E+01  0.161740411669E+01  0.899086383258E+01  0.898876413945E+01  0.359550573955E+00  0.229254545212E+02
  0.176000000000E+01  0.160778011646E+01  0.892750181481E+01  0.892537628238E+01  0.357015059574E+00  0.225973415389E+02
  0.177000000000E+01  0.159854965319E+01  0.886334757697E+01  0.886119523333E+01  0.354447817499E+00  0.222458132771E+02
  0.178000000000E+01  0.158972232116E+01  0.879838795462E+01  0.879620891270E+01  0.351848364543E+00  0.218723169754E+02
  0.179000000000E+01  0.158130633404E+01  0.873264076749E+01  0.873043611560E+01  0.349217452513E+00  0.214784362381E+02
  0.180000000000E+01  0.157330846646E+01  0.866615141111E+01  0.866392309560E+01  0.346556931550E+00  0.210658683952E+02
  0.181000000000E+01  0.156573400697E+01  0.859898926774E+01  0.859673997161E+01  0.343869606411E+00  0.206364013529E+02
  0.182000000000E+01  0.155858672307E+01  0.853124405424E+01  0.852897707565E+01  0.341159090378E+00  0.201918903900E+02
  0.183000000000E+01  0.155186883834E+01  0.846302221535E+01  0.846074134930E+01  0.338429661114E+00  0.197342353221E+02
  0.184000000000E+01  0.154558102210E+01  0.839444345745E+01  0.839215288368E+01  0.335686122265E+00  0.192653584178E+02
  0.185000000000E+01  0.153972239133E+01  0.832563750226E+01  0.832334168156E+01  0.332933673944E+00  0.187871834008E+02
  0.186000000000E+01  0.153429052493E+01  0.825674112211E+01  0.825444470296E+01  0.330177794553E+00  0.183016158194E+02
  0.187000000000E+01  0.152928148981E+01  0.818789550070E+01  0.818560323719E+01  0.327424135665E+00  0.178105250136E+02
  0.188000000000E+01  0.152468987844E+01  0.811924394506E+01  0.811696062690E+01  0.324678430989E+00  0.173157278514E+02
  0.189000000000E+01  0.152050885719E+01  0.805092995850E+01  0.804866035292E+01  0.321946419760E+00  0.168189743543E+02
  0.190000000000E+01  0.151673022488E+01  0.798309566885E+01  0.798084447419E+01  0.319233784338E+00  0.163219352828E+02
  0.191000000000E+01  0.151334448056E+01  0.791588059454E+01  0.791365240463E+01  0.316546101281E+00  0.158261917031E+02
  0.192000000000E+01  0.151034089971E+01  0.784942072059E+01  0.784721999887E+01  0.313888804776E+00  0.153332265160E+02
  0.193000000000E+01  0.150770761797E+01  0.778384784959E+01  0.778167891180E+01  0.311267161021E+00  0.148444178937E+02
  0.194000000000E+01  0.150543172125E+01  0.771928918813E+01  0.771715619207E+01  0.308686251964E+00  0.143610345375E+02
  0.195000000000E+01  0.150349934139E+01  0.765586712712E+01  0.765377406819E+01  0.306150966746E+00  0.138842326451E+02
  0.196000000000E+01  0.150189575625E+01  0.759369917444E+01  0.759164988556E+01  0.303665999184E+00  0.134150544583E+02
  0.197000000000E+01  0.150060549318E+01  0.753289800075E+01  0.753089615539E+01  0.301235849729E+00  0.129544282452E+02
  0.198000000000E+01  0.149961243501E+01  0.747357156273E+01  0.747162067999E+01  0.298864830474E+00  0.125031695648E+02
  0.199000000000E+01  0.149889992761E+01  0.741582327279E+01  0.741392672353E+01  0.296557071986E+00  0.120619836561E+02
  0.200000000000E+01  0.149845088793E+01  0.735975218967E+01  0.735791320301E+01  0.294316530946E+00  0.116314687915E+02
