  0.000000E+00  0.125664E+02  0.427301E+01 -0.000000E+00  0.114505E+04
  0.312500E-01  0.116098E+02  0.143878E+02 -0.604309E+02 -0.543594E+03
  0.625000E-01  0.888577E+01  0.782466E+01 -0.111662E+03  0.113159E+03
  0.937500E-01  0.480894E+01  0.521424E+01 -0.145893E+03 -0.235381E+03
  0.125000E+00  0.769468E-15 -0.154812E+00 -0.157914E+03 -0.125000E+03
  0.156250E+00 -0.480894E+01 -0.474980E+01 -0.145893E+03 -0.158009E+03
  0.187500E+00 -0.888577E+01 -0.890834E+01 -0.111662E+03 -0.107211E+03
  0.218750E+00 -0.116098E+02 -0.116012E+02 -0.604309E+02 -0.620720E+02
  0.250000E+00 -0.125664E+02 -0.125696E+02 -0.193388E-13  0.602945E+00
  0.281250E+00 -0.116098E+02 -0.116085E+02  0.604309E+02  0.602112E+02
  0.312500E+00 -0.888577E+01 -0.888623E+01  0.111662E+03  0.111747E+03
  0.343750E+00 -0.480894E+01 -0.480875E+01  0.145893E+03  0.145868E+03
  0.375000E+00 -0.230840E-14 -0.701775E-04  0.157914E+03  0.157930E+03
  0.406250E+00  0.480894E+01  0.480896E+01  0.145893E+03  0.145894E+03
  0.437500E+00  0.888577E+01  0.888574E+01  0.111662E+03  0.111667E+03
  0.468750E+00  0.116098E+02  0.116098E+02  0.604309E+02  0.604326E+02
  0.500000E+00  0.125664E+02  0.125663E+02  0.386777E-13 -0.480696E-13
  0.531250E+00  0.116098E+02  0.116098E+02 -0.604309E+02 -0.604326E+02
  0.562500E+00  0.888577E+01  0.888574E+01 -0.111662E+03 -0.111667E+03
  0.593750E+00  0.480894E+01  0.480896E+01 -0.145893E+03 -0.145894E+03
  0.625000E+00  0.384734E-14 -0.701775E-04 -0.157914E+03 -0.157930E+03
  0.656250E+00 -0.480894E+01 -0.480875E+01 -0.145893E+03 -0.145868E+03
  0.687500E+00 -0.888577E+01 -0.888623E+01 -0.111662E+03 -0.111747E+03
  0.718750E+00 -0.116098E+02 -0.116085E+02 -0.604309E+02 -0.602112E+02
  0.750000E+00 -0.125664E+02 -0.125696E+02 -0.580165E-13 -0.602945E+00
  0.781250E+00 -0.116098E+02 -0.116012E+02  0.604309E+02  0.620720E+02
  0.812500E+00 -0.888577E+01 -0.890834E+01  0.111662E+03  0.107211E+03
  0.843750E+00 -0.480894E+01 -0.474980E+01  0.145893E+03  0.158009E+03
  0.875000E+00 -0.538628E-14 -0.154812E+00  0.157914E+03  0.125000E+03
  0.906250E+00  0.480894E+01  0.521424E+01  0.145893E+03  0.235381E+03
  0.937500E+00  0.888577E+01  0.782466E+01  0.111662E+03 -0.113159E+03
  0.968750E+00  0.116098E+02  0.143878E+02  0.604309E+02  0.543594E+03
  0.100000E+01  0.125664E+02  0.427301E+01  0.773554E-13 -0.114505E+04
