  0.000000E+00  0.125664E+02  0.125663E+02 -0.000000E+00  0.000000E+00 -0.000000E+00  0.000000E+00 -0.157914E+03 -0.157919E+03
  0.312500E-01  0.116098E+02  0.116098E+02 -0.480894E+01 -0.480893E+01 -0.604309E+02 -0.604330E+02 -0.145893E+03 -0.145898E+03
  0.625000E-01  0.888577E+01  0.888575E+01 -0.888577E+01 -0.888575E+01 -0.111662E+03 -0.111666E+03 -0.111662E+03 -0.111666E+03
  0.937500E-01  0.480894E+01  0.480893E+01 -0.116098E+02 -0.116098E+02 -0.145893E+03 -0.145898E+03 -0.604309E+02 -0.604330E+02
  0.125000E+00  0.769468E-15  0.893432E-13 -0.125664E+02 -0.125663E+02 -0.157914E+03 -0.157919E+03 -0.966942E-14 -0.221908E-12
  0.156250E+00 -0.480894E+01 -0.480893E+01 -0.116098E+02 -0.116098E+02 -0.145893E+03 -0.145898E+03  0.604309E+02  0.604330E+02
  0.187500E+00 -0.888577E+01 -0.888575E+01 -0.888577E+01 -0.888575E+01 -0.111662E+03 -0.111666E+03  0.111662E+03  0.111666E+03
  0.218750E+00 -0.116098E+02 -0.116098E+02 -0.480894E+01 -0.480893E+01 -0.604309E+02 -0.604330E+02  0.145893E+03  0.145898E+03
  0.250000E+00 -0.125664E+02 -0.125663E+02 -0.153894E-14 -0.845048E-11 -0.193388E-13 -0.100072E-10  0.157914E+03  0.157919E+03
  0.281250E+00 -0.116098E+02 -0.116098E+02  0.480894E+01  0.480893E+01  0.604309E+02  0.604330E+02  0.145893E+03  0.145898E+03
  0.312500E+00 -0.888577E+01 -0.888575E+01  0.888577E+01  0.888575E+01  0.111662E+03  0.111666E+03  0.111662E+03  0.111666E+03
  0.343750E+00 -0.480894E+01 -0.480893E+01  0.116098E+02  0.116098E+02  0.145893E+03  0.145898E+03  0.604309E+02  0.604330E+02
  0.375000E+00 -0.230840E-14  0.201742E-09  0.125664E+02  0.125663E+02  0.157914E+03  0.157919E+03  0.290083E-13 -0.656101E-09
  0.406250E+00  0.480894E+01  0.480893E+01  0.116098E+02  0.116098E+02  0.145893E+03  0.145898E+03 -0.604309E+02 -0.604330E+02
  0.437500E+00  0.888577E+01  0.888575E+01  0.888577E+01  0.888575E+01  0.111662E+03  0.111666E+03 -0.111662E+03 -0.111666E+03
  0.468750E+00  0.116098E+02  0.116098E+02  0.480894E+01  0.480893E+01  0.604309E+02  0.604330E+02 -0.145893E+03 -0.145898E+03
  0.500000E+00  0.125664E+02  0.125663E+02  0.307787E-14 -0.186460E-07  0.386777E-13 -0.305249E-07 -0.157914E+03 -0.157919E+03
  0.531250E+00  0.116098E+02  0.116098E+02 -0.480894E+01 -0.480893E+01 -0.604309E+02 -0.604330E+02 -0.145893E+03 -0.145898E+03
  0.562500E+00  0.888577E+01  0.888575E+01 -0.888577E+01 -0.888575E+01 -0.111662E+03 -0.111666E+03 -0.111662E+03 -0.111666E+03
  0.593750E+00  0.480894E+01  0.480893E+01 -0.116098E+02 -0.116098E+02 -0.145893E+03 -0.145898E+03 -0.604309E+02 -0.604330E+02
  0.625000E+00  0.384734E-14  0.445250E-06 -0.125664E+02 -0.125663E+02 -0.157914E+03 -0.157919E+03 -0.483471E-13 -0.195541E-05
  0.656250E+00 -0.480894E+01 -0.480893E+01 -0.116098E+02 -0.116098E+02 -0.145893E+03 -0.145898E+03  0.604309E+02  0.604330E+02
  0.687500E+00 -0.888577E+01 -0.888575E+01 -0.888577E+01 -0.888576E+01 -0.111662E+03 -0.111666E+03  0.111662E+03  0.111666E+03
  0.718750E+00 -0.116098E+02 -0.116098E+02 -0.480894E+01 -0.480892E+01 -0.604309E+02 -0.604330E+02  0.145893E+03  0.145898E+03
  0.750000E+00 -0.125664E+02 -0.125663E+02 -0.461681E-14 -0.411517E-04 -0.580165E-13 -0.909903E-04  0.157914E+03  0.157919E+03
  0.781250E+00 -0.116098E+02 -0.116098E+02  0.480894E+01  0.480904E+01  0.604309E+02  0.604333E+02  0.145893E+03  0.145899E+03
  0.812500E+00 -0.888577E+01 -0.888561E+01  0.888577E+01  0.888547E+01  0.111662E+03  0.111665E+03  0.111662E+03  0.111665E+03
  0.843750E+00 -0.480894E+01 -0.480931E+01  0.116098E+02  0.116105E+02  0.145893E+03  0.145900E+03  0.604309E+02  0.604352E+02
  0.875000E+00 -0.538628E-14  0.982667E-03  0.125664E+02  0.125644E+02  0.157914E+03  0.157914E+03  0.676860E-13 -0.582879E-02
  0.906250E+00  0.480894E+01  0.480636E+01  0.116098E+02  0.116149E+02  0.145893E+03  0.145912E+03 -0.604309E+02 -0.604172E+02
  0.937500E+00  0.888577E+01  0.889249E+01  0.888577E+01  0.887250E+01  0.111662E+03  0.111558E+03 -0.111662E+03 -0.111731E+03
  0.968750E+00  0.116098E+02  0.115922E+02  0.480894E+01  0.484362E+01  0.604309E+02  0.609822E+02 -0.145893E+03 -0.145525E+03
  0.100000E+01  0.125664E+02  0.126211E+02  0.615575E-14 -0.129247E+00  0.773554E-13 -0.547991E+01 -0.157914E+03 -0.161356E+03
