  0.000000E+00  0.125664E+02  0.125663E+02 -0.000000E+00  0.000000E+00 -0.000000E+00  0.000000E+00 -0.157914E+03 -0.157919E+03
  0.312500E-01  0.116098E+02  0.116098E+02 -0.480894E+01 -0.480893E+01 -0.604309E+02 -0.604330E+02 -0.145893E+03 -0.145898E+03
  0.625000E-01  0.888577E+01  0.888575E+01 -0.888577E+01 -0.888575E+01 -0.111662E+03 -0.111666E+03 -0.111662E+03 -0.111666E+03
  0.937500E-01  0.480894E+01  0.480893E+01 -0.116098E+02 -0.116098E+02 -0.145893E+03 -0.145898E+03 -0.604309E+02 -0.604330E+02
  0.125000E+00  0.769468E-15 -0.203631E-14 -0.125664E+02 -0.125663E+02 -0.157914E+03 -0.157919E+03 -0.966942E-14 -0.403470E-14
  0.156250E+00 -0.480894E+01 -0.480893E+01 -0.116098E+02 -0.116098E+02 -0.145893E+03 -0.145898E+03  0.604309E+02  0.604330E+02
  0.187500E+00 -0.888577E+01 -0.888575E+01 -0.888577E+01 -0.888575E+01 -0.111662E+03 -0.111666E+03  0.111662E+03  0.111666E+03
  0.218750E+00 -0.116098E+02 -0.116098E+02 -0.480894E+01 -0.480893E+01 -0.604309E+02 -0.604330E+02  0.145893E+03  0.145898E+03
  0.250000E+00 -0.125664E+02 -0.125663E+02 -0.153894E-14 -0.203552E-14 -0.193388E-13  0.229911E-12  0.157914E+03  0.157919E+03
  0.281250E+00 -0.116098E+02 -0.116098E+02  0.480894E+01  0.480893E+01  0.604309E+02  0.604330E+02  0.145893E+03  0.145898E+03
  0.312500E+00 -0.888577E+01 -0.888575E+01  0.888577E+01  0.888575E+01  0.111662E+03  0.111666E+03  0.111662E+03  0.111666E+03
  0.343750E+00 -0.480894E+01 -0.480893E+01  0.116098E+02  0.116098E+02  0.145893E+03  0.145898E+03  0.604309E+02  0.604330E+02
  0.375000E+00 -0.230840E-14 -0.330773E-14  0.125664E+02  0.125663E+02  0.157914E+03  0.157919E+03  0.290083E-13 -0.112939E-12
  0.406250E+00  0.480894E+01  0.480893E+01  0.116098E+02  0.116098E+02  0.145893E+03  0.145898E+03 -0.604309E+02 -0.604330E+02
  0.437500E+00  0.888577E+01  0.888575E+01  0.888577E+01  0.888575E+01  0.111662E+03  0.111666E+03 -0.111662E+03 -0.111666E+03
  0.468750E+00  0.116098E+02  0.116098E+02  0.480894E+01  0.480893E+01  0.604309E+02  0.604330E+02 -0.145893E+03 -0.145898E+03
  0.500000E+00  0.125664E+02  0.125663E+02  0.307787E-14  0.356217E-14  0.386777E-13 -0.605029E-13 -0.157914E+03 -0.157919E+03
  0.531250E+00  0.116098E+02  0.116098E+02 -0.480894E+01 -0.480893E+01 -0.604309E+02 -0.604330E+02 -0.145893E+03 -0.145898E+03
  0.562500E+00  0.888577E+01  0.888575E+01 -0.888577E+01 -0.888575E+01 -0.111662E+03 -0.111666E+03 -0.111662E+03 -0.111666E+03
  0.593750E+00  0.480894E+01  0.480893E+01 -0.116098E+02 -0.116098E+02 -0.145893E+03 -0.145898E+03 -0.604309E+02 -0.604330E+02
  0.625000E+00  0.384734E-14 -0.203552E-14 -0.125664E+02 -0.125663E+02 -0.157914E+03 -0.157919E+03 -0.483471E-13 -0.118182E-11
  0.656250E+00 -0.480894E+01 -0.480893E+01 -0.116098E+02 -0.116098E+02 -0.145893E+03 -0.145898E+03  0.604309E+02  0.604330E+02
  0.687500E+00 -0.888577E+01 -0.888575E+01 -0.888577E+01 -0.888575E+01 -0.111662E+03 -0.111666E+03  0.111662E+03  0.111666E+03
  0.718750E+00 -0.116098E+02 -0.116098E+02 -0.480894E+01 -0.480893E+01 -0.604309E+02 -0.604330E+02  0.145893E+03  0.145898E+03
  0.750000E+00 -0.125664E+02 -0.125663E+02 -0.461681E-14 -0.636101E-14 -0.580165E-13 -0.887376E-13  0.157914E+03  0.157919E+03
  0.781250E+00 -0.116098E+02 -0.116098E+02  0.480894E+01  0.480893E+01  0.604309E+02  0.604330E+02  0.145893E+03  0.145898E+03
  0.812500E+00 -0.888577E+01 -0.888575E+01  0.888577E+01  0.888575E+01  0.111662E+03  0.111666E+03  0.111662E+03  0.111666E+03
  0.843750E+00 -0.480894E+01 -0.480893E+01  0.116098E+02  0.116098E+02  0.145893E+03  0.145898E+03  0.604309E+02  0.604330E+02
  0.875000E+00 -0.538628E-14 -0.712433E-14  0.125664E+02  0.125663E+02  0.157914E+03  0.157919E+03  0.676860E-13  0.129073E-12
  0.906250E+00  0.480894E+01  0.480893E+01  0.116098E+02  0.116098E+02  0.145893E+03  0.145898E+03 -0.604309E+02 -0.604330E+02
  0.937500E+00  0.888577E+01  0.888575E+01  0.888577E+01  0.888575E+01  0.111662E+03  0.111666E+03 -0.111662E+03 -0.111666E+03
  0.968750E+00  0.116098E+02  0.116098E+02  0.480894E+01  0.480893E+01  0.604309E+02  0.604330E+02 -0.145893E+03 -0.145898E+03
  0.100000E+01  0.125664E+02  0.125663E+02  0.615575E-14  0.000000E+00  0.773554E-13  0.000000E+00 -0.157914E+03 -0.157919E+03
