  0.000000E+00 -0.000000E+00  0.000000E+00  0.100000E+01  0.999997E+00
  0.312500E-01 -0.480894E+01 -0.480894E+01  0.923880E+00  0.923877E+00
  0.625000E-01 -0.888577E+01 -0.888576E+01  0.707107E+00  0.707105E+00
  0.937500E-01 -0.116098E+02 -0.116098E+02  0.382683E+00  0.382682E+00
  0.125000E+00 -0.125664E+02 -0.125664E+02  0.612323E-16  0.573527E-15
  0.156250E+00 -0.116098E+02 -0.116098E+02 -0.382683E+00 -0.382682E+00
  0.187500E+00 -0.888577E+01 -0.888576E+01 -0.707107E+00 -0.707105E+00
  0.218750E+00 -0.480894E+01 -0.480894E+01 -0.923880E+00 -0.923877E+00
  0.250000E+00 -0.153894E-14  0.226932E-15 -0.100000E+01 -0.999997E+00
  0.281250E+00  0.480894E+01  0.480894E+01 -0.923880E+00 -0.923877E+00
  0.312500E+00  0.888577E+01  0.888576E+01 -0.707107E+00 -0.707105E+00
  0.343750E+00  0.116098E+02  0.116098E+02 -0.382683E+00 -0.382682E+00
  0.375000E+00  0.125664E+02  0.125664E+02 -0.183697E-15 -0.401094E-16
  0.406250E+00  0.116098E+02  0.116098E+02  0.382683E+00  0.382682E+00
  0.437500E+00  0.888577E+01  0.888576E+01  0.707107E+00  0.707105E+00
  0.468750E+00  0.480894E+01  0.480894E+01  0.923880E+00  0.923877E+00
  0.500000E+00  0.307787E-14  0.374437E-14  0.100000E+01  0.999997E+00
  0.531250E+00 -0.480894E+01 -0.480894E+01  0.923880E+00  0.923877E+00
  0.562500E+00 -0.888577E+01 -0.888576E+01  0.707107E+00  0.707105E+00
  0.593750E+00 -0.116098E+02 -0.116098E+02  0.382683E+00  0.382682E+00
  0.625000E+00 -0.125664E+02 -0.125664E+02  0.306162E-15  0.108292E-14
  0.656250E+00 -0.116098E+02 -0.116098E+02 -0.382683E+00 -0.382682E+00
  0.687500E+00 -0.888577E+01 -0.888576E+01 -0.707107E+00 -0.707105E+00
  0.718750E+00 -0.480894E+01 -0.480894E+01 -0.923880E+00 -0.923877E+00
  0.750000E+00 -0.461681E-14 -0.317704E-14 -0.100000E+01 -0.999997E+00
  0.781250E+00  0.480894E+01  0.480894E+01 -0.923880E+00 -0.923877E+00
  0.812500E+00  0.888577E+01  0.888576E+01 -0.707107E+00 -0.707105E+00
  0.843750E+00  0.116098E+02  0.116098E+02 -0.382683E+00 -0.382682E+00
  0.875000E+00  0.125664E+02  0.125664E+02 -0.428626E-15 -0.601620E-15
  0.906250E+00  0.116098E+02  0.116098E+02  0.382683E+00  0.382682E+00
  0.937500E+00  0.888577E+01  0.888576E+01  0.707107E+00  0.707105E+00
  0.968750E+00  0.480894E+01  0.480894E+01  0.923880E+00  0.923877E+00
