  0.123700E+02  0.123249E+02  0.000000E+00  0.195090E+00  0.841471E+00
  0.123700E+02  0.104486E+02  0.000000E+00  0.555570E+00  0.841471E+00
  0.123700E+02  0.698150E+01  0.000000E+00  0.831470E+00  0.841471E+00
  0.123700E+02  0.245158E+01  0.000000E+00  0.980785E+00  0.841471E+00
  0.123700E+02 -0.245158E+01  0.000000E+00  0.980785E+00  0.841471E+00
  0.123700E+02 -0.698150E+01  0.000000E+00  0.831470E+00  0.841471E+00
  0.123700E+02 -0.104486E+02  0.000000E+00  0.555570E+00  0.841471E+00
  0.123700E+02 -0.123249E+02  0.000000E+00  0.195090E+00  0.841471E+00
  0.123700E+02 -0.123249E+02  0.000000E+00 -0.195090E+00  0.841471E+00
  0.123700E+02 -0.104486E+02  0.000000E+00 -0.555570E+00  0.841471E+00
  0.123700E+02 -0.698150E+01  0.000000E+00 -0.831470E+00  0.841471E+00
  0.123700E+02 -0.245158E+01  0.000000E+00 -0.980785E+00  0.841471E+00
  0.123700E+02  0.245158E+01  0.000000E+00 -0.980785E+00  0.841471E+00
  0.123700E+02  0.698150E+01  0.000000E+00 -0.831470E+00  0.841471E+00
  0.123700E+02  0.104486E+02  0.000000E+00 -0.555570E+00  0.841471E+00
  0.123700E+02  0.123249E+02  0.000000E+00 -0.195090E+00  0.841471E+00
  0.123700E+02  0.123249E+02  0.000000E+00  0.195090E+00  0.841471E+00
  0.123700E+02  0.104486E+02  0.000000E+00  0.555570E+00  0.841471E+00
  0.123700E+02  0.698150E+01  0.000000E+00  0.831470E+00  0.841471E+00
  0.123700E+02  0.245158E+01  0.000000E+00  0.980785E+00  0.841471E+00
  0.123700E+02 -0.245158E+01  0.000000E+00  0.980785E+00  0.841471E+00
  0.123700E+02 -0.698150E+01  0.000000E+00  0.831470E+00  0.841471E+00
  0.123700E+02 -0.104486E+02  0.000000E+00  0.555570E+00  0.841471E+00
  0.123700E+02 -0.123249E+02  0.000000E+00  0.195090E+00  0.841471E+00
  0.123700E+02 -0.123249E+02  0.000000E+00 -0.195090E+00  0.841471E+00
  0.123700E+02 -0.104486E+02  0.000000E+00 -0.555570E+00  0.841471E+00
  0.123700E+02 -0.698150E+01  0.000000E+00 -0.831470E+00  0.841471E+00
  0.123700E+02 -0.245158E+01  0.000000E+00 -0.980785E+00  0.841471E+00
  0.123700E+02  0.245158E+01  0.000000E+00 -0.980785E+00  0.841471E+00
  0.123700E+02  0.698150E+01  0.000000E+00 -0.831470E+00  0.841471E+00
  0.123700E+02  0.104486E+02  0.000000E+00 -0.555570E+00  0.841471E+00
  0.123700E+02  0.123249E+02  0.000000E+00 -0.195090E+00  0.841471E+00
