  0.156250E-01  0.123249E+02  0.123249E+02  0.980785E+00  0.980783E+00
  0.468750E-01  0.104486E+02  0.104485E+02  0.831470E+00  0.831467E+00
  0.781250E-01  0.698150E+01  0.698150E+01  0.555570E+00  0.555569E+00
  0.109375E+00  0.245158E+01  0.245158E+01  0.195090E+00  0.195090E+00
  0.140625E+00 -0.245158E+01 -0.245158E+01 -0.195090E+00 -0.195090E+00
  0.171875E+00 -0.698150E+01 -0.698150E+01 -0.555570E+00 -0.555569E+00
  0.203125E+00 -0.104486E+02 -0.104485E+02 -0.831470E+00 -0.831467E+00
  0.234375E+00 -0.123249E+02 -0.123249E+02 -0.980785E+00 -0.980783E+00
  0.265625E+00 -0.123249E+02 -0.123249E+02 -0.980785E+00 -0.980783E+00
  0.296875E+00 -0.104486E+02 -0.104485E+02 -0.831470E+00 -0.831467E+00
  0.328125E+00 -0.698150E+01 -0.698150E+01 -0.555570E+00 -0.555569E+00
  0.359375E+00 -0.245158E+01 -0.245158E+01 -0.195090E+00 -0.195090E+00
  0.390625E+00  0.245158E+01  0.245158E+01  0.195090E+00  0.195090E+00
  0.421875E+00  0.698150E+01  0.698150E+01  0.555570E+00  0.555569E+00
  0.453125E+00  0.104486E+02  0.104485E+02  0.831470E+00  0.831467E+00
  0.484375E+00  0.123249E+02  0.123249E+02  0.980785E+00  0.980783E+00
  0.515625E+00  0.123249E+02  0.123249E+02  0.980785E+00  0.980783E+00
  0.546875E+00  0.104486E+02  0.104485E+02  0.831470E+00  0.831467E+00
  0.578125E+00  0.698150E+01  0.698150E+01  0.555570E+00  0.555569E+00
  0.609375E+00  0.245158E+01  0.245158E+01  0.195090E+00  0.195090E+00
  0.640625E+00 -0.245158E+01 -0.245158E+01 -0.195090E+00 -0.195090E+00
  0.671875E+00 -0.698150E+01 -0.698150E+01 -0.555570E+00 -0.555569E+00
  0.703125E+00 -0.104486E+02 -0.104485E+02 -0.831470E+00 -0.831467E+00
  0.734375E+00 -0.123249E+02 -0.123249E+02 -0.980785E+00 -0.980783E+00
  0.765625E+00 -0.123249E+02 -0.123249E+02 -0.980785E+00 -0.980783E+00
  0.796875E+00 -0.104486E+02 -0.104485E+02 -0.831470E+00 -0.831467E+00
  0.828125E+00 -0.698150E+01 -0.698150E+01 -0.555570E+00 -0.555569E+00
  0.859375E+00 -0.245158E+01 -0.245158E+01 -0.195090E+00 -0.195090E+00
  0.890625E+00  0.245158E+01  0.245158E+01  0.195090E+00  0.195090E+00
  0.921875E+00  0.698150E+01  0.698150E+01  0.555570E+00  0.555569E+00
  0.953125E+00  0.104486E+02  0.104485E+02  0.831470E+00  0.831467E+00
  0.984375E+00  0.123249E+02  0.123249E+02  0.980785E+00  0.980783E+00
