  0.156250E-01  0.123249E+02  0.699966E+01  0.980785E+00  0.668730E+00
  0.468750E-01  0.104486E+02  0.112386E+02  0.831470E+00  0.103964E+01
  0.781250E-01  0.698150E+01  0.686429E+01  0.555570E+00  0.416689E+00
  0.109375E+00  0.245158E+01  0.246896E+01  0.195090E+00  0.287739E+00
  0.140625E+00 -0.245158E+01 -0.245416E+01 -0.195090E+00 -0.256900E+00
  0.171875E+00 -0.698150E+01 -0.698111E+01 -0.555570E+00 -0.514328E+00
  0.203125E+00 -0.104486E+02 -0.104486E+02 -0.831470E+00 -0.858982E+00
  0.234375E+00 -0.123249E+02 -0.123249E+02 -0.980785E+00 -0.962414E+00
  0.265625E+00 -0.123249E+02 -0.123249E+02 -0.980785E+00 -0.993046E+00
  0.296875E+00 -0.104486E+02 -0.104485E+02 -0.831470E+00 -0.823262E+00
  0.328125E+00 -0.698150E+01 -0.698150E+01 -0.555570E+00 -0.561070E+00
  0.359375E+00 -0.245158E+01 -0.245158E+01 -0.195090E+00 -0.191373E+00
  0.390625E+00  0.245158E+01  0.245158E+01  0.195090E+00  0.192542E+00
  0.421875E+00  0.698150E+01  0.698150E+01  0.555570E+00  0.557369E+00
  0.453125E+00  0.104486E+02  0.104485E+02  0.831470E+00  0.830110E+00
  0.484375E+00  0.123249E+02  0.123249E+02  0.980785E+00  0.981914E+00
  0.515625E+00  0.123249E+02  0.123249E+02  0.980785E+00  0.979678E+00
  0.546875E+00  0.104486E+02  0.104485E+02  0.831470E+00  0.832717E+00
  0.578125E+00  0.698150E+01  0.698150E+01  0.555570E+00  0.553958E+00
  0.609375E+00  0.245158E+01  0.245158E+01  0.195090E+00  0.197324E+00
  0.640625E+00 -0.245158E+01 -0.245158E+01 -0.195090E+00 -0.198321E+00
  0.671875E+00 -0.698150E+01 -0.698150E+01 -0.555570E+00 -0.550802E+00
  0.703125E+00 -0.104486E+02 -0.104485E+02 -0.831470E+00 -0.838555E+00
  0.734375E+00 -0.123249E+02 -0.123249E+02 -0.980785E+00 -0.970187E+00
  0.765625E+00 -0.123249E+02 -0.123249E+02 -0.980785E+00 -0.996634E+00
  0.796875E+00 -0.104486E+02 -0.104485E+02 -0.831470E+00 -0.807715E+00
  0.828125E+00 -0.698150E+01 -0.698161E+01 -0.555570E+00 -0.591158E+00
  0.859375E+00 -0.245158E+01 -0.245083E+01 -0.195090E+00 -0.141746E+00
  0.890625E+00  0.245158E+01  0.244658E+01  0.195090E+00  0.115133E+00
  0.921875E+00  0.698150E+01  0.701517E+01  0.555570E+00  0.675418E+00
  0.953125E+00  0.104486E+02  0.102215E+02  0.831470E+00  0.651812E+00
  0.984375E+00  0.123249E+02  0.138550E+02  0.980785E+00  0.125008E+01
