   0.0000000000000000     
   2.1648389132302270E-002
   4.3303244659099960E-002
   6.4971040669874469E-002
   8.6658266663746986E-002
  0.10837143530270055     
  0.13011709022337925     
  0.15190181392721058     
  0.17373223576910135     
  0.19561504006532004     
  0.21755697434184640     
  0.23956485774473180     
  0.26164558963532158     
  0.28380615839324719     
  0.30605365045182253     
  0.32839525959080618     
  0.35083829651320997     
  0.37339019873377310     
  0.39605854080838299     
  0.41885104493516678     
  0.44177559195982496     
  0.46484023281961129     
  0.48805320046263034     
  0.51142292228127673     
  0.53495803310129020     
  0.55866738877060129     
  0.58256008039542451     
  0.60664544927389130     
  0.63093310258190627     
  0.65543292986900781     
  0.68015512042742898     
  0.70511018160130590     
  0.73030895810894236     
  0.75576265245656771     
  0.78148284652819200     
  0.80748152444344612     
  0.83377109678226446     
  0.86036442628429199     
  0.88727485513965121     
  0.91451623399778725     
  0.94210295283235723     
  0.97004997381225166     
  0.99837286634244293     
   1.0270878444528364     
   1.0562118067305164     
   1.0857623790079884     
   1.1157579600410514     
   1.1462177704315764     
   1.1771619050757067     
   1.2086113894451387     
   1.2405882400401396     
   1.2731155293864873     
   1.3062174559871238     
   1.3399194196811095     
   1.3742481029103999     
   1.4092315584475017     
   1.4448993041969516     
   1.4812824257498818     
   1.5184136874462411     
   1.5563276527832812     
   1.5950608151043397     
   1.6346517396091329     
   1.6751412178482354     
   1.7165724360019041     
   1.7589911583994464     
   1.8024459279125011     
   1.8469882850573640     
   1.8926730078719132     
   1.9395583748946308     
   1.9877064538756031     
   2.0371834191928713     
   2.0880599013451615     
   2.1404113723479412     
   2.1943185713868516     
   2.2498679756917994     
   2.3071523223005528     
   2.3662711872010505     
   2.4273316292962264     
   2.4904489077487142     
   2.5557472825668128     
   2.6233609098208746     
   2.6934348446767160     
   2.7661261675517608     
   2.8416052512040295     
   2.9200571895336083     
   3.0016834124066634     
   3.0867035150207442     
   3.1753573353648363     
   3.2679073193652215     
   3.3646412205757699     
   3.4658751900426807     
   3.5719573225976688     
   3.6832717387418938     
   3.8002432970195912     
   3.9233430510273308     
   4.0530945888257008     
   4.1900814216001692     
   4.3349556243363452     
   4.4884479757732123     
   4.6513799001848071     
   4.8246775824072330     
   5.0093887134946442     
   5.2067024318658781     
   5.4179731592740126     
   5.6447491990933898     
   5.8888071742596111     
   6.1521936428412545     
   6.4372755502823935     
   6.7468015673169219     
   7.0839768252001107     
   7.4525540870323326     
   7.8569449511677050     
   8.3023551823475970     
   8.7949485169966977     
   9.3420429042592303     
   9.9523413778644993     
   10.636195218915951     
   11.405887279523199     
   12.275904030341117     
   13.263129251698636     
   14.386830660388021     
   15.668212945898105     
   17.129175773614087     
   18.789778505937839     
   20.663898014565511     
   22.752937485496744     
   25.038541739622694     
   27.477077767017413     
   29.999999999999979     
