   1.0823790506620412E-002
   3.2474604236405469E-002
   5.4135119962083422E-002
   7.5811818511638762E-002
   9.7511199993306263E-002
  0.11923979157546682     
  0.14100415533523147     
  0.16281089619521794     
  0.18466666996924630     
  0.20657819153777979     
  0.22855224317454059     
  0.25059568304638447     
  0.27271545390948404     
  0.29491859202542514     
  0.31721223632200690     
  0.33960363782469472     
  0.36210016938571243     
  0.38470933573921684     
  0.40743878391257482     
  0.43029631402547608     
  0.45328989051004953     
  0.47642765378788710     
  0.49971793244131391     
  0.52316925591937036     
  0.54679036782097512     
  0.57059023980131940     
  0.59457808615017882     
  0.61876337909461654     
  0.64315586488230281     
  0.66776558070593239     
  0.69260287253345609     
  0.71767841391446296     
  0.74300322583810896     
  0.76858869772374305     
  0.79444660963297054     
  0.82058915579792568     
  0.84702896956935092     
  0.87377914989652083     
  0.90085328946045706     
  0.92826550459290047     
  0.95603046712464845     
  0.98416343832012387     
   1.0126803050689759     
   1.0415976185211449     
   1.0709326353692461     
   1.1007033620011697     
   1.1309286017669393     
   1.1616280056275130     
   1.1928221264792569     
   1.2245324774766715     
   1.2567815947085847     
   1.2895931046186035     
   1.3229917966009239     
   1.3570037012475211     
   1.3916561747726632     
   1.4269779901969031     
   1.4629994359356218     
   1.4997524225081946     
   1.5372705981626780     
   1.5755894743014522     
   1.6147465616932877     
   1.6547815185721788     
   1.6957363118522579     
   1.7376553928342844     
   1.7805858889458008     
   1.8245778132459165     
   1.8696842936410860     
   1.9159618240042988     
   1.9634705396709649     
   2.0122745201073755     
   2.0624421219168525     
   2.1140463457746677     
   2.1671652413724516     
   2.2218823550200426     
   2.2782872252071797     
   2.3364759321892308     
   2.3965517085445995     
   2.4586256186832358     
   2.5228173164895438     
   2.5892558916944211     
   2.6580808172275781     
   2.7294430117526005     
   2.8035060338894198     
   2.8804474273559890     
   2.9604602394965269     
   3.0437547395181213     
   3.1305603673576101     
   3.2211279496133045     
   3.3157322255964203     
   3.4146747345388775     
   3.5182871246430167     
   3.6269349563649200     
   3.7410220865691883     
   3.8609957375899455     
   3.9873523765454308     
   4.1206445564521772     
   4.2614889029907914     
   4.4105754707391824     
   4.5686787422725743     
   4.7366706052155934     
   4.9155357192562263     
   5.1063897812397840     
   5.3105013166774100     
   5.5293177764015908     
   5.7644969050258510     
   6.0179445819140938     
   6.2918606250298268     
   6.5887944026651297     
   6.9117125243966200     
   7.2640813797188173     
   7.6499678417657293     
   8.0741619978438024     
   8.5423261770413035     
   9.0611745439958895     
   9.6386865771534289     
   10.284354827965089     
   11.009460598358757     
   11.827357300414448     
   12.753714824557072     
   13.806630955263756     
   15.006437218750655     
   16.374908942859271     
   17.933445049025337     
   19.699683511073864     
   21.682154119875626     
   23.873268813414661     
   26.242455533737775     
   28.733059116104226     
