   0.0000000000000000       -2261205.8819168112        74.958742677706056     
   3.0000000000000003E-004   1632.2457532355800        91.214166670773892     
   4.0000000000000002E-004   542.39907314338518        30.954492275387910     
   5.0000000000000001E-004   194.28675431373708        11.440632081990673     
   6.0000000000000006E-004   78.610904084664085        4.8102839460593287     
   6.9999999999999999E-004   37.191029960120375        2.3417104797149135     
   8.0000000000000004E-004   20.447988051677747        1.2887509849559238     
   9.0000000000000008E-004   12.540645054335048       0.76454992659140530     
   1.0000000000000000E-003   8.2044734719895125       0.46631827799824443     
   1.1000000000000001E-003   5.5543220388155978       0.28061339764562121     
   1.2000000000000001E-003   3.8282076952295574       0.15890640456413191     
   1.3000000000000002E-003   2.6664500807442524        7.7019689312996090E-002
   1.4000000000000000E-003   1.8720274090147015        2.1200546823275830E-002
   1.5000000000000000E-003   1.3247001911788137       -1.7102873701370921E-002
   1.6000000000000001E-003  0.94627455027900409       -4.3482462878945270E-002
   1.7000000000000001E-003  0.68420128705608674       -6.1690686130399158E-002
   1.8000000000000002E-003  0.50259583915191630       -7.4278654073484440E-002
   1.9000000000000000E-003  0.37676348461428877       -8.2992354283236994E-002
   2.0000000000000000E-003  0.28964391920243726       -8.9031142944262731E-002
   2.1000000000000003E-003  0.22942566611301621       -9.3220759907770623E-002
   2.2000000000000001E-003  0.18791979828272259       -9.6130638101964511E-002
   2.3000000000000000E-003  0.15944280688223142       -9.8153975464517873E-002
   2.4000000000000002E-003  0.14004630417988478       -9.9562593591284318E-002
   2.5000000000000001E-003  0.12698478653067030      -0.10054461036169721     
   2.6000000000000003E-003  0.11834740828568391      -0.10123035360062828     
   2.7000000000000001E-003  0.11280297753233251      -0.10171020954202822     
   2.8000000000000000E-003  0.10942321085638171      -0.10204693045057608     
   2.9000000000000002E-003  0.10756013012587168      -0.10228413036693068     
   3.0000000000000001E-003  0.10676094665860607      -0.10245215564570401     
   3.1000000000000003E-003  0.10670892103993196      -0.10257214511425766     
   3.2000000000000002E-003  0.10718223563833941      -0.10265884126355411     
   3.3000000000000000E-003  0.10802536739309046      -0.10272253804764660     
   3.4000000000000002E-003  0.10912914370128618      -0.10277043216156288     
   3.5000000000000001E-003  0.11041683315352366      -0.10280756116714163     
   3.6000000000000003E-003  0.11183443607154231      -0.10283745542989228     
   3.7000000000000002E-003  0.11334389934148806      -0.10286259173254841     
   3.8000000000000000E-003  0.11491836976283767      -0.10288470904316210     
   3.9000000000000003E-003  0.11653886973253691      -0.10290502879972169     
   4.0000000000000001E-003  0.11819196684745004      -0.10292440847848280     
   4.1000000000000003E-003  0.11986813755631083      -0.10294344900692133     
   4.2000000000000006E-003  0.12156061771904753      -0.10296256980703271     
   4.3000000000000000E-003  0.12326459350017253      -0.10298206145355789     
   4.4000000000000003E-003  0.12497663163676846      -0.10300212255150898     
   4.5000000000000005E-003  0.13055420288497604      -0.10287305331821867     
   4.5999999999999999E-003  0.13088506284999307      -0.10293782986218745     
   4.7000000000000002E-003  0.13275070210750109      -0.10295969707877287     
   4.8000000000000004E-003  0.13449162318817237      -0.10298297874506916     
   4.8999999999999998E-003  0.13622970901272632      -0.10300701131817661     
   5.0000000000000001E-003  0.13796526730668421      -0.10303186766351553     
